18 16 19
10 22 21 8 12 20 22 6 19 16 8 19 10 19 19 17 
33 38 33 33 34 31 37 32 35 38 37 36 36 33 34 32 33 34 37 
0 47 18 30 41 54 56 32 35 45 48 20 29 7 42 52 37 58 56 39 48 22 39 48 13 38 10 24 38 25 12 29 8 21 27 15 28 30 54 4 44 64 10 37 47 45 59 36 25 47 49 13 26 60 39 40 41 34 19 25 53 41 33 55 45 49 51 25 27 
47 0 57 73 80 61 26 26 18 87 83 29 76 54 25 36 13 90 31 50 68 33 68 87 41 56 50 45 9 49 43 55 47 51 52 39 65 69 100 51 24 108 57 25 27 2 62 84 65 60 96 48 68 106 57 72 7 47 29 66 91 79 58 35 41 26 93 68 59 
18 57 0 38 24 42 71 34 40 53 60 27 25 14 58 69 50 71 72 57 64 24 54 31 31 56 8 42 49 43 14 46 11 39 45 32 42 43 44 15 60 50 13 39 48 55 47 33 8 33 48 9 38 50 57 55 50 52 34 38 63 24 50 72 63 65 36 11 10 
30 73 38 0 50 81 73 61 64 15 21 49 23 26 59 64 60 33 70 40 35 52 23 56 32 34 35 30 64 28 42 25 37 24 27 34 12 8 44 28 61 61 25 67 77 71 86 23 41 72 28 40 5 51 35 21 68 37 44 8 24 51 27 68 52 64 53 36 49 
41 80 24 50 0 47 96 55 63 61 72 51 28 35 83 93 74 83 96 78 83 47 71 7 54 76 32 64 73 64 38 66 36 59 65 56 58 57 30 37 84 28 32 59 67 79 52 33 15 39 44 33 52 33 77 70 73 73 58 53 73 2 70 96 86 89 13 16 21 
54 61 42 81 47 0 86 37 44 96 101 45 66 55 78 91 64 112 90 89 102 37 93 49 63 91 46 75 59 77 42 83 45 75 80 64 82 84 77 54 79 73 55 36 36 61 5 74 42 8 88 42 79 80 92 95 55 84 57 79 106 45 87 92 89 83 60 49 33 
56 26 71 73 96 86 0 49 42 84 76 46 84 63 14 13 23 81 6 38 56 53 60 103 44 46 63 42 27 44 58 49 60 49 47 42 62 66 109 60 12 121 67 50 53 26 88 90 80 83 100 62 67 116 46 64 31 38 37 65 84 95 50 10 25 8 107 81 76 
32 26 34 61 55 37 49 0 8 77 78 13 58 37 41 54 27 87 53 55 71 10 66 61 34 59 30 44 22 47 22 53 27 47 50 33 58 61 79 34 42 83 40 5 15 25 39 66 41 33 80 26 58 84 60 68 20 51 24 56 84 54 58 55 53 46 68 46 33 
35 18 40 64 63 44 42 8 0 79 78 15 62 41 34 47 20 87 46 52 69 16 65 68 34 57 35 43 15 46 27 52 31 46 49 32 58 62 85 38 35 90 44 8 15 17 46 70 48 41 84 31 59 91 58 68 12 48 22 58 85 62 56 48 48 39 76 52 41 
45 87 53 15 61 96 84 77 79 0 13 64 33 42 70 73 74 23 80 47 36 68 25 67 46 40 51 42 78 39 57 34 52 36 37 48 22 18 48 44 72 67 40 82 92 85 101 29 55 87 26 55 19 54 40 22 82 45 58 21 11 63 34 77 61 75 61 49 63 
48 83 60 21 72 101 76 78 78 13 0 65 44 46 64 64 70 11 72 38 24 70 16 78 44 30 55 37 74 34 60 28 56 32 31 46 20 17 61 48 66 80 46 83 93 81 106 42 63 93 40 60 22 68 31 12 79 38 56 22 8 73 26 68 52 68 73 58 70 
20 29 27 49 51 45 46 13 15 64 65 0 48 26 34 47 23 74 48 44 59 8 53 58 21 47 21 32 21 34 13 41 17 34 38 20 45 48 71 23 36 78 29 17 28 28 48 55 36 40 69 18 45 77 48 55 22 39 12 44 71 50 45 49 44 40 63 39 31 
29 76 25 23 28 66 84 58 62 33 44 48 0 22 70 78 66 55 83 58 57 48 45 34 39 53 28 45 68 44 36 43 31 39 44 42 32 31 25 25 72 39 18 63 73 75 72 8 23 57 22 32 26 32 54 44 70 53 48 27 44 29 46 82 68 76 30 17 33 
7 54 14 26 35 55 63 37 41 42 46 26 22 0 49 59 44 57 63 43 50 27 39 42 19 42 9 28 45 29 15 32 10 25 31 21 27 29 46 3 51 57 3 42 52 52 60 29 21 47 43 13 24 53 43 40 48 38 26 24 51 35 36 62 51 55 44 19 24 
42 25 58 59 83 78 14 41 34 70 64 34 70 49 0 13 14 69 13 26 45 42 48 90 30 34 50 28 21 31 45 36 47 35 33 28 48 52 95 46 2 107 53 42 48 24 80 76 67 74 86 50 53 102 34 52 26 26 24 51 72 82 38 14 16 6 93 68 64 
52 36 69 64 93 91 13 54 47 73 64 47 78 59 13 0 27 68 8 25 43 55 48 101 39 33 61 34 33 35 57 39 58 40 37 37 52 56 104 56 12 116 62 55 61 35 93 83 78 87 92 61 58 111 33 52 38 27 36 56 73 93 39 4 12 9 103 78 76 
37 13 50 60 74 64 23 27 20 74 70 23 66 44 14 27 0 77 26 36 55 30 54 81 28 43 42 32 6 35 36 41 38 38 38 26 52 56 91 41 15 100 48 28 34 11 66 73 58 60 85 41 55 97 43 58 12 34 17 53 77 74 44 28 30 19 86 60 54 
58 90 71 33 83 112 81 87 87 23 11 74 55 57 69 68 77 0 76 43 25 80 22 89 53 35 66 45 82 42 71 35 67 41 38 55 30 28 71 58 71 90 57 92 102 88 117 52 74 104 49 70 33 77 35 19 87 43 65 33 12 84 32 72 56 73 84 69 81 
56 31 72 70 96 90 6 53 46 80 72 48 83 63 13 8 26 76 0 33 51 55 56 103 43 41 64 39 31 42 59 46 60 46 43 41 59 63 108 60 12 120 66 54 58 31 92 88 81 86 98 63 64 115 41 60 35 34 38 62 80 96 46 4 20 7 107 81 78 
39 50 57 40 78 89 38 55 52 47 38 44 58 43 26 25 36 43 33 0 18 52 22 86 26 8 49 15 43 14 48 14 47 19 13 25 28 32 82 42 28 97 46 59 68 48 92 61 64 82 68 51 34 90 8 26 48 5 31 32 47 79 13 30 13 30 86 62 66 
48 68 64 35 83 102 56 71 69 36 24 59 57 50 45 43 55 25 51 18 0 66 12 90 38 12 57 27 61 24 59 18 57 26 21 38 25 26 80 50 47 97 51 75 84 67 106 58 70 94 61 61 31 87 11 15 66 21 47 30 32 84 14 47 31 48 87 67 74 
22 33 24 52 47 37 53 10 16 68 70 8 48 27 42 55 30 80 55 52 66 0 59 53 27 54 20 39 27 41 12 47 17 40 45 27 50 53 69 24 43 74 30 15 25 32 40 56 32 32 70 16 49 75 55 61 26 47 20 48 76 46 52 56 52 48 59 36 25 
39 68 54 23 71 93 60 66 65 25 16 53 45 39 48 48 54 22 56 22 12 59 0 78 32 14 48 22 60 19 51 13 48 19 16 33 13 14 67 40 50 84 40 70 80 66 98 46 59 86 49 51 19 74 15 4 65 22 43 18 24 72 10 52 36 52 75 55 64 
48 87 31 56 7 49 103 61 68 67 78 58 34 42 90 101 81 89 103 86 90 53 78 0 62 83 39 71 79 71 45 73 43 67 72 63 65 64 30 44 91 24 40 64 72 85 54 38 22 41 48 40 59 32 84 77 79 81 65 60 78 7 77 103 93 96 11 23 27 
13 41 31 32 54 63 44 34 34 46 44 21 39 19 30 39 28 53 43 26 38 27 32 62 0 27 23 11 32 13 22 19 21 12 17 2 25 28 65 17 32 77 23 38 48 39 68 45 39 57 57 25 27 72 28 34 36 21 12 25 51 55 24 42 31 36 64 38 40 
38 56 56 34 76 91 46 59 57 40 30 47 53 42 34 33 43 35 41 8 12 54 14 83 27 0 48 15 49 13 49 10 47 17 11 27 22 25 77 41 36 93 44 63 72 55 95 56 63 84 62 51 28 85 1 18 54 8 35 26 39 77 7 38 21 38 82 60 65 
10 50 8 35 32 46 63 30 35 51 55 21 28 9 50 61 42 66 64 49 57 20 48 39 23 48 0 34 42 35 8 39 3 31 37 24 36 38 50 8 52 58 10 35 45 48 50 36 17 38 50 4 33 56 49 49 43 44 25 33 60 32 43 63 54 56 43 18 17 
24 45 42 30 64 75 42 44 43 42 37 32 45 28 28 34 32 45 39 15 27 39 22 71 11 15 34 0 37 3 34 9 32 6 6 11 20 24 70 27 30 84 31 48 58 43 79 49 49 68 58 36 25 77 16 26 42 10 20 22 45 64 13 37 23 34 72 47 51 
38 9 49 64 73 59 27 22 15 78 74 21 68 45 21 33 6 82 31 43 61 27 60 79 32 49 42 37 0 40 35 47 38 42 43 30 56 60 92 42 21 100 49 23 27 7 61 75 58 56 87 40 59 98 49 63 5 40 20 57 82 72 50 33 36 24 85 60 52 
25 49 43 28 64 77 44 47 46 39 34 34 44 29 31 35 35 42 42 14 24 41 19 71 13 13 35 3 40 0 36 6 33 5 3 14 17 21 69 28 33 83 31 51 61 47 81 48 50 70 56 37 22 76 14 23 45 9 23 20 42 64 10 39 24 36 71 48 52 
12 43 14 42 38 42 58 22 27 57 60 13 36 15 45 57 36 71 59 48 59 12 51 45 22 49 8 34 35 36 0 41 5 33 39 23 41 43 57 13 47 64 18 27 37 41 46 44 22 34 58 5 39 63 50 53 36 43 21 38 66 37 45 59 52 51 50 25 18 
29 55 46 25 66 83 49 53 52 34 28 41 43 32 36 39 41 35 46 14 18 47 13 73 19 10 39 9 47 6 41 0 38 7 3 20 13 17 68 31 38 83 34 58 68 53 87 46 53 76 53 42 19 75 11 16 52 11 30 17 36 67 4 43 27 41 72 50 56 
8 47 11 37 36 45 60 27 31 52 56 17 31 10 47 58 38 67 60 47 57 17 48 43 21 47 3 32 38 33 5 38 0 30 36 22 36 38 53 8 48 61 13 32 42 45 50 39 20 38 53 4 34 59 48 49 40 42 22 33 61 35 42 60 51 53 47 22 19 
21 51 39 24 59 75 49 47 46 36 32 34 39 25 35 40 38 41 46 19 26 40 19 67 12 17 31 6 42 5 33 7 30 0 6 13 14 18 64 24 37 78 27 51 61 49 79 43 46 68 51 34 18 71 18 21 47 14 24 16 39 60 12 44 29 40 67 43 48 
27 52 45 27 65 80 47 50 49 37 31 38 44 31 33 37 38 38 43 13 21 45 16 72 17 11 37 6 43 3 39 3 36 6 0 17 15 19 69 30 35 84 33 55 65 50 85 47 52 73 55 40 21 76 12 19 49 9 27 19 39 66 7 41 25 38 72 49 54 
15 39 32 34 56 64 42 33 32 48 46 20 42 21 28 37 26 55 41 25 38 27 33 63 2 27 24 11 30 14 23 20 22 13 17 0 26 30 67 19 30 79 25 37 47 37 67 48 41 57 59 26 29 74 28 35 34 20 10 27 53 56 24 40 30 34 66 40 41 
28 65 42 12 58 82 62 58 58 22 20 45 32 27 48 52 52 30 59 28 25 50 13 65 25 22 36 20 56 17 41 13 36 14 15 26 0 4 55 28 50 72 28 63 73 63 87 34 46 74 40 40 6 63 23 13 60 25 37 5 26 59 15 56 41 54 62 42 52 
30 69 43 8 57 84 66 61 62 18 17 48 31 29 52 56 56 28 63 32 26 53 14 64 28 25 38 24 60 21 43 17 38 18 19 30 4 0 53 30 55 70 29 66 76 67 89 31 47 76 36 42 5 60 26 13 64 29 40 5 23 58 18 60 44 58 61 42 53 
54 100 44 44 30 77 109 79 85 48 61 71 25 46 95 104 91 71 108 82 80 69 67 30 65 77 50 70 92 69 57 68 53 64 69 67 55 53 0 49 97 19 43 83 92 98 82 21 38 68 22 53 49 7 78 65 93 78 73 51 59 32 70 107 93 101 20 32 48 
4 51 15 28 37 54 60 34 38 44 48 23 25 3 46 56 41 58 60 42 50 24 40 44 17 41 8 27 42 28 13 31 8 24 30 19 28 30 49 0 48 60 6 39 49 49 58 32 22 46 46 12 26 56 42 41 44 37 23 25 52 37 35 59 49 53 46 21 24 
44 24 60 61 84 79 12 42 35 72 66 36 72 51 2 12 15 71 12 28 47 43 50 91 32 36 52 30 21 33 47 38 48 37 35 30 50 55 97 48 0 109 55 43 49 23 81 78 69 75 88 51 55 104 36 54 26 28 26 53 74 84 40 13 17 4 95 70 66 
64 108 50 61 28 73 121 83 90 67 80 78 39 57 107 116 100 90 120 97 97 74 84 24 77 93 58 84 100 83 64 83 61 78 84 79 72 70 19 60 109 0 54 87 95 106 78 38 42 65 41 59 65 14 94 82 101 93 83 67 78 29 86 120 107 113 14 39 50 
10 57 13 25 32 55 67 40 44 40 46 29 18 3 53 62 48 57 66 46 51 30 40 40 23 44 10 31 49 31 18 34 13 27 33 25 28 29 43 6 55 54 0 45 55 56 60 26 19 47 40 15 24 50 45 41 51 41 30 24 50 33 38 65 54 59 41 16 24 
37 25 39 67 59 36 50 5 8 82 83 17 63 42 42 55 28 92 54 59 75 15 70 64 38 63 35 48 23 51 27 58 32 51 55 37 63 66 83 39 43 87 45 0 10 25 38 71 45 34 85 31 63 89 64 73 19 55 28 61 89 58 62 56 56 47 72 50 37 
47 27 48 77 67 36 53 15 15 92 93 28 73 52 48 61 34 102 58 68 84 25 80 72 48 72 45 58 27 61 37 68 42 61 65 47 73 76 92 49 49 95 55 10 0 27 36 81 54 37 95 41 73 97 73 83 22 64 37 72 99 65 72 61 63 52 80 59 45 
45 2 55 71 79 61 26 25 17 85 81 28 75 52 24 35 11 88 31 48 67 32 66 85 39 55 48 43 7 47 41 53 45 49 50 37 63 67 98 49 23 106 56 25 27 0 62 82 64 59 94 46 66 105 55 70 5 46 27 64 89 78 56 34 40 25 91 67 58 
59 62 47 86 52 5 88 39 46 101 106 48 72 60 80 93 66 117 92 92 106 40 98 54 68 95 50 79 61 81 46 87 50 79 85 67 87 89 82 58 81 78 60 38 36 62 0 79 48 14 93 46 84 85 96 99 57 88 61 84 111 50 91 94 92 85 65 55 38 
36 84 33 23 33 74 90 66 70 29 42 55 8 29 76 83 73 52 88 61 58 56 46 38 45 56 36 49 75 48 44 46 39 43 47 48 34 31 21 32 78 38 26 71 81 82 79 0 31 65 14 40 27 28 57 44 77 57 55 29 41 35 49 87 72 82 31 24 41 
25 65 8 41 15 42 80 41 48 55 63 36 23 21 67 78 58 74 81 64 70 32 59 22 39 63 17 49 58 50 22 53 20 46 52 41 46 47 38 22 69 42 19 45 54 64 48 31 0 34 45 17 42 43 64 59 58 59 42 42 66 15 57 80 71 73 27 6 10 
47 60 33 72 39 8 83 33 41 87 93 40 57 47 74 87 60 104 86 82 94 32 86 41 57 84 38 68 56 70 34 76 38 68 73 57 74 76 68 46 75 65 47 34 37 59 14 65 34 0 79 34 71 72 85 87 53 78 52 71 97 37 80 88 84 79 52 40 24 
49 96 48 28 44 88 100 80 84 26 40 69 22 43 86 92 85 49 98 68 61 70 49 48 57 62 50 58 87 56 58 53 53 51 55 59 40 36 22 46 88 41 40 85 95 94 93 14 45 79 0 54 34 28 63 46 90 65 67 36 37 46 55 96 81 92 39 38 55 
13 48 9 40 33 42 62 26 31 55 60 18 32 13 50 61 41 70 63 51 61 16 51 40 25 51 4 36 40 37 5 42 4 34 40 26 40 42 53 12 51 59 15 31 41 46 46 40 17 34 54 0 38 59 52 53 41 46 25 37 64 33 46 64 55 56 45 20 15 
26 68 38 5 52 79 67 58 59 19 22 45 26 24 53 58 55 33 64 34 31 49 19 59 27 28 33 25 59 22 39 19 34 18 21 29 6 5 49 26 55 65 24 63 73 66 84 27 42 71 34 38 0 56 29 18 63 31 39 2 26 53 21 62 47 59 56 37 48 
60 106 50 51 33 80 116 84 91 54 68 77 32 53 102 111 97 77 115 90 87 75 74 32 72 85 56 77 98 76 63 75 59 71 76 74 63 60 7 56 104 14 50 89 97 105 85 28 43 72 28 59 56 0 85 72 100 86 80 58 65 35 77 114 101 108 20 38 52 
39 57 57 35 77 92 46 60 58 40 31 48 54 43 34 33 43 35 41 8 11 55 15 84 28 1 49 16 49 14 50 11 48 18 12 28 23 26 78 42 36 94 45 64 73 55 96 57 64 85 63 52 29 85 0 19 55 9 36 27 39 78 8 37 21 38 83 61 66 
40 72 55 21 70 95 64 68 68 22 12 55 44 40 52 52 58 19 60 26 15 61 4 77 34 18 49 26 63 23 53 16 49 21 19 35 13 13 65 41 54 82 41 73 83 70 99 44 59 87 46 53 18 72 19 0 68 26 46 17 20 71 14 57 40 56 74 55 65 
41 7 50 68 73 55 31 20 12 82 79 22 70 48 26 38 12 87 35 48 66 26 65 79 36 54 43 42 5 45 36 52 40 47 49 34 60 64 93 44 26 101 51 19 22 5 57 77 58 53 90 41 63 100 55 68 0 45 24 61 87 72 55 38 42 29 86 61 52 
34 47 52 37 73 84 38 51 48 45 38 39 53 38 26 27 34 43 34 5 21 47 22 81 21 8 44 10 40 9 43 11 42 14 9 20 25 29 78 37 28 93 41 55 64 46 88 57 59 78 65 46 31 86 9 26 45 0 27 29 46 74 12 31 15 30 81 57 61 
19 29 34 44 58 57 37 24 22 58 56 12 48 26 24 36 17 65 38 31 47 20 43 65 12 35 25 20 20 23 21 30 22 24 27 10 37 40 73 23 26 83 30 28 37 27 61 55 42 52 67 25 39 80 36 46 24 27 0 37 63 58 34 38 32 30 69 43 40 
25 66 38 8 53 79 65 56 58 21 22 44 27 24 51 56 53 33 62 32 30 48 18 60 25 26 33 22 57 20 38 17 33 16 19 27 5 5 51 25 53 67 24 61 72 64 84 29 42 71 36 37 2 58 27 17 61 29 37 0 27 54 19 60 44 56 57 37 48 
53 91 63 24 73 106 84 84 85 11 8 71 44 51 72 73 77 12 80 47 32 76 24 78 51 39 60 45 82 42 66 36 61 39 39 53 26 23 59 52 74 78 50 89 99 89 111 41 66 97 37 64 26 65 39 20 87 46 63 27 0 74 34 77 60 76 72 60 73 
41 79 24 51 2 45 95 54 62 63 73 50 29 35 82 93 74 84 96 79 84 46 72 7 55 77 32 64 72 64 37 67 35 60 66 56 59 58 32 37 84 29 33 58 65 78 50 35 15 37 46 33 53 35 78 71 72 74 58 54 74 0 71 96 86 89 15 17 20 
33 58 50 27 70 87 50 58 56 34 26 45 46 36 38 39 44 32 46 13 14 52 10 77 24 7 43 13 50 10 45 4 42 12 7 24 15 18 70 35 40 86 38 62 72 56 91 49 57 80 55 46 21 77 8 14 55 12 34 19 34 71 0 43 27 42 76 54 60 
55 35 72 68 96 92 10 55 48 77 68 49 82 62 14 4 28 72 4 30 47 56 52 103 42 38 63 37 33 39 59 43 60 44 41 40 56 60 107 59 13 120 65 56 61 34 94 87 80 88 96 64 62 114 37 57 38 31 38 60 77 96 43 0 16 9 106 81 78 
45 41 63 52 86 89 25 53 48 61 52 44 68 51 16 12 30 56 20 13 31 52 36 93 31 21 54 23 36 24 52 27 51 29 25 30 41 44 93 49 17 107 54 56 63 40 92 72 71 84 81 55 47 101 21 40 42 15 32 44 60 86 27 16 0 17 95 70 70 
49 26 65 64 89 83 8 46 39 75 68 40 76 55 6 9 19 73 7 30 48 48 52 96 36 38 56 34 24 36 51 41 53 40 38 34 54 58 101 53 4 113 59 47 52 25 85 82 73 79 92 56 59 108 38 56 29 30 30 56 76 89 42 9 17 0 100 74 70 
51 93 36 53 13 60 107 68 76 61 73 63 30 44 93 103 86 84 107 86 87 59 75 11 64 82 43 72 85 71 50 72 47 67 72 66 62 61 20 46 95 14 41 72 80 91 65 31 27 52 39 45 56 20 83 74 86 81 69 57 72 15 76 106 95 100 0 25 35 
25 68 11 36 16 49 81 46 52 49 58 39 17 19 68 78 60 69 81 62 67 36 55 23 38 60 18 47 60 48 25 50 22 43 49 40 42 42 32 21 70 39 16 50 59 67 55 24 6 40 38 20 37 38 61 55 61 57 43 37 60 17 54 81 70 74 25 0 16 
27 59 10 49 21 33 76 33 41 63 70 31 33 24 64 76 54 81 78 66 74 25 64 27 40 65 17 51 52 52 18 56 19 48 54 41 52 53 48 24 66 50 24 37 45 58 38 41 10 24 55 15 48 52 66 65 52 61 40 48 73 20 60 78 70 70 35 16 0 
