14 13 5
17 13 7 21 22 6 13 15 5 18 23 16 5 
34 30 31 29 34 
0 33 15 31 48 57 45 26 49 57 39 64 55 37 32 41 50 62 51 64 19 49 32 28 67 41 44 40 41 31 28 16 43 45 54 38 40 46 53 37 34 58 49 37 55 33 59 10 36 4 22 55 28 25 37 
33 0 22 61 56 87 18 57 56 81 55 44 37 59 11 63 18 87 29 45 47 27 48 10 50 72 75 70 73 44 10 39 45 52 76 5 73 72 45 12 44 86 81 33 78 6 85 42 69 37 17 31 61 8 38 
15 22 0 46 57 72 39 36 40 71 35 49 40 51 27 41 37 77 48 63 33 46 43 15 53 50 53 47 55 41 22 16 50 54 54 28 53 61 39 31 25 63 64 41 56 21 62 21 48 19 8 51 40 13 43 
31 61 46 0 41 26 69 28 73 29 60 96 86 17 57 55 80 32 70 78 14 68 26 59 99 38 40 40 13 29 53 41 45 41 66 65 19 17 83 62 60 58 21 48 64 63 63 28 27 27 54 74 20 55 44 
48 56 57 41 0 54 51 63 97 37 87 101 92 25 46 87 74 45 46 45 36 44 17 61 106 78 80 79 54 17 46 64 12 4 100 57 60 36 96 48 82 97 59 24 99 61 101 54 68 46 61 49 58 56 19 
57 87 72 26 54 0 93 48 96 21 81 122 113 32 82 74 106 16 93 97 40 91 46 85 125 51 51 55 19 50 79 65 62 56 82 91 27 18 108 87 84 68 15 70 79 89 75 53 41 53 80 97 39 81 65 
45 18 39 69 51 93 0 71 74 83 73 57 51 62 12 80 25 90 12 28 55 11 49 28 63 86 90 85 82 44 17 55 39 47 93 13 83 76 61 7 62 102 90 27 95 23 101 55 82 48 34 13 73 26 33 
26 57 36 28 63 48 71 0 48 56 33 79 70 43 58 27 73 58 77 89 27 75 46 51 81 15 18 15 28 48 54 21 63 62 38 63 21 45 63 63 37 34 34 60 36 57 37 15 12 23 44 81 8 49 59 
49 56 40 73 97 96 74 48 0 102 15 44 39 84 65 25 58 105 85 101 66 83 81 45 43 51 53 47 76 80 61 33 90 94 31 60 70 91 24 68 15 51 83 81 36 51 45 46 57 51 40 88 57 49 83 
57 81 71 29 37 21 83 56 102 0 89 120 111 21 73 84 100 8 80 82 38 78 34 82 124 65 66 68 32 38 71 69 47 40 94 84 41 11 110 77 89 83 32 57 92 84 90 56 54 53 78 83 48 77 51 
39 55 35 60 87 81 73 33 15 89 0 56 49 72 62 11 63 91 83 98 54 81 71 45 55 36 38 31 61 70 58 23 82 85 21 60 55 77 36 66 13 38 68 75 25 51 33 34 42 41 38 86 42 47 76 
64 44 49 96 101 122 57 79 44 120 56 0 9 99 55 67 32 126 69 85 83 68 90 39 6 89 91 85 104 87 54 58 90 97 75 45 100 111 20 55 44 94 112 78 80 39 89 68 91 68 42 70 86 44 82 
55 37 40 86 92 113 51 70 39 111 49 9 0 90 48 60 26 117 63 79 74 62 81 30 13 80 83 77 95 78 46 49 82 88 69 38 91 101 15 48 37 87 103 70 73 31 82 59 82 59 33 64 77 36 74 
37 59 51 17 25 32 62 43 84 21 72 99 90 0 52 70 78 28 61 65 18 59 14 60 103 55 57 57 29 18 50 50 31 25 81 63 36 14 90 57 70 75 34 38 80 63 80 38 45 33 57 65 36 55 33 
32 11 27 57 46 82 12 58 65 73 62 55 48 52 0 68 27 80 20 36 43 18 39 20 61 74 77 72 70 36 5 43 34 42 82 11 71 66 56 5 51 89 78 22 84 17 89 43 69 36 24 24 60 16 27 
41 63 41 55 87 74 80 27 25 84 11 67 60 70 68 0 72 86 89 103 52 87 70 53 66 26 27 21 55 70 63 25 83 85 13 68 47 73 47 72 23 27 60 78 15 59 23 33 34 41 46 92 36 54 78 
50 18 37 80 74 106 25 73 58 100 63 32 26 78 27 72 0 106 37 53 65 36 66 22 38 86 89 83 91 63 28 52 62 69 84 16 90 91 40 25 50 97 99 49 87 16 95 58 85 54 29 38 77 24 55 
62 87 77 32 45 16 90 58 105 8 91 126 117 28 80 86 106 0 88 90 43 86 41 88 130 65 66 68 32 45 78 73 55 48 95 91 41 15 115 85 92 83 30 64 92 91 90 60 54 58 84 91 50 83 59 
51 29 48 70 46 93 12 77 85 80 83 69 63 61 20 89 37 88 0 16 57 2 47 39 75 93 96 92 84 43 25 63 34 42 102 25 86 75 73 17 72 109 91 23 104 34 109 61 87 54 44 4 77 36 28 
64 45 63 78 45 97 28 89 101 82 98 85 79 65 36 103 53 90 16 0 66 18 52 56 91 105 108 104 91 48 40 77 35 42 117 42 95 79 90 33 88 122 98 29 119 51 123 74 98 66 60 15 88 52 33 
19 47 33 14 36 40 55 27 66 38 54 83 74 18 43 52 65 43 57 66 0 55 19 45 87 42 44 43 27 20 39 32 36 34 64 51 29 27 72 48 51 61 35 36 63 49 65 20 33 15 41 61 23 41 33 
49 27 46 68 44 91 11 75 83 78 81 68 62 59 18 87 36 86 2 18 55 0 45 38 74 90 94 89 81 41 23 61 32 40 100 24 84 73 72 15 70 107 89 21 102 33 107 59 85 51 43 6 75 34 27 
32 48 43 26 17 46 49 46 81 34 71 90 81 14 39 70 66 41 47 52 19 45 0 50 94 61 63 62 40 4 38 48 18 15 83 50 45 28 83 43 66 80 46 24 82 52 84 37 51 30 48 51 42 45 19 
28 10 15 59 61 85 28 51 45 82 45 39 30 60 20 53 22 88 39 56 45 38 50 0 44 64 67 62 69 47 17 30 51 57 65 15 68 72 36 22 33 77 78 40 68 6 75 36 63 32 7 42 55 5 44 
67 50 53 99 106 125 63 81 43 124 55 6 13 103 61 66 38 130 75 91 87 74 94 44 0 89 92 86 106 91 59 60 95 102 74 50 102 114 19 61 45 93 114 83 79 44 88 71 93 72 46 76 88 49 88 
41 72 50 38 78 51 86 15 51 65 36 89 80 55 74 26 86 65 93 105 42 90 61 64 89 0 3 4 33 62 69 34 78 77 31 77 24 54 70 79 44 19 36 76 27 71 25 31 11 39 57 97 19 63 74 
44 75 53 40 80 51 90 18 53 66 38 91 83 57 77 27 89 66 96 108 44 94 63 67 92 3 0 6 34 65 72 37 80 79 31 81 25 55 73 82 47 17 36 79 27 74 24 34 12 42 60 100 21 66 77 
40 70 47 40 79 55 85 15 47 68 31 85 77 57 72 21 83 68 92 104 43 89 62 62 86 4 6 0 36 63 67 31 78 78 27 75 27 57 67 77 40 18 40 76 24 68 22 30 14 38 55 96 20 61 75 
41 73 55 13 54 19 82 28 76 32 61 104 95 29 70 55 91 32 84 91 27 81 40 69 106 33 34 36 0 43 66 46 58 54 63 77 9 22 90 75 65 51 8 62 60 74 58 35 22 37 64 88 19 66 58 
31 44 41 29 17 50 44 48 80 38 70 87 78 18 36 70 63 45 43 48 20 41 4 47 91 62 65 63 43 0 34 47 15 14 83 47 48 32 80 39 65 82 50 20 83 48 85 37 53 29 46 47 43 42 15 
28 10 22 53 46 79 17 54 61 71 58 54 46 50 5 63 28 78 25 40 39 23 38 17 59 69 72 67 66 34 0 38 35 42 77 12 67 63 53 9 47 84 74 23 79 15 84 38 65 31 20 29 55 12 28 
16 39 16 41 64 65 55 21 33 69 23 58 49 50 43 25 52 73 63 77 32 61 48 30 60 34 37 31 46 47 38 0 59 61 39 44 42 58 43 48 19 46 54 52 41 37 46 12 33 18 23 67 28 30 53 
43 45 50 45 12 62 39 63 90 47 82 90 82 31 34 83 62 55 34 35 36 32 18 51 95 78 80 78 58 15 35 59 0 8 97 46 64 44 87 37 75 97 65 12 97 51 100 50 69 42 52 37 59 46 7 
45 52 54 41 4 56 47 62 94 40 85 97 88 25 42 85 69 48 42 42 34 40 15 57 102 77 79 78 54 14 42 61 8 0 98 53 60 38 92 44 79 96 60 20 98 57 100 52 67 44 57 45 58 52 14 
54 76 54 66 100 82 93 38 31 94 21 75 69 81 82 13 84 95 102 117 64 100 83 65 74 31 31 27 63 83 77 39 97 98 0 81 54 83 55 86 34 21 67 91 5 72 14 46 41 54 59 106 46 67 92 
38 5 28 65 57 91 13 63 60 84 60 45 38 63 11 68 16 91 25 42 51 24 50 15 50 77 81 75 77 47 12 44 46 53 81 0 78 76 47 10 48 91 86 33 84 9 90 47 74 42 22 27 66 14 38 
40 73 53 19 60 27 83 21 70 41 55 100 91 36 71 47 90 41 86 95 29 84 45 68 102 24 25 27 9 48 67 42 64 60 54 78 0 31 85 76 59 42 13 66 51 73 49 32 13 36 62 90 13 65 63 
46 72 61 17 36 18 76 45 91 11 77 111 101 14 66 73 91 15 75 79 27 73 28 72 114 54 55 57 22 32 63 58 44 38 83 76 31 0 100 70 77 73 24 52 81 76 79 45 43 42 68 79 37 68 47 
53 45 39 83 96 108 61 63 24 110 36 20 15 90 56 47 40 115 73 90 72 72 83 36 19 70 73 67 90 80 53 43 87 92 55 47 85 100 0 57 26 74 97 76 60 39 69 55 74 57 35 75 71 41 80 
37 12 31 62 48 87 7 63 68 77 66 55 48 57 5 72 25 85 17 33 48 15 43 22 61 79 82 77 75 39 9 48 37 44 86 10 76 70 57 0 55 94 83 24 88 18 94 48 74 41 28 20 65 19 29 
34 44 25 60 82 84 62 37 15 89 13 44 37 70 51 23 50 92 72 88 51 70 66 33 45 44 47 40 65 65 47 19 75 79 34 48 59 77 26 55 0 50 72 66 37 39 46 32 48 37 27 75 45 36 68 
58 86 63 58 97 68 102 34 51 83 38 94 87 75 89 27 97 83 109 122 61 107 80 77 93 19 17 18 51 82 84 46 97 96 21 91 42 73 74 94 50 0 53 94 16 83 8 48 30 56 70 113 38 77 93 
49 81 64 21 59 15 90 34 83 32 68 112 103 34 78 60 99 30 91 98 35 89 46 78 114 36 36 40 8 50 74 54 65 60 67 86 13 24 97 83 72 53 0 69 64 82 60 43 26 45 72 95 26 74 65 
37 33 41 48 24 70 27 60 81 57 75 78 70 38 22 78 49 64 23 29 36 21 24 40 83 76 79 76 62 20 23 52 12 20 91 33 66 52 76 24 66 94 69 0 92 38 96 46 69 38 42 27 59 35 5 
55 78 56 64 99 79 95 36 36 92 25 80 73 80 84 15 87 92 104 119 63 102 82 68 79 27 27 24 60 83 79 41 97 98 5 84 51 81 60 88 37 16 64 92 0 75 9 46 38 55 61 108 44 70 92 
33 6 21 63 61 89 23 57 51 84 51 39 31 63 17 59 16 91 34 51 49 33 52 6 44 71 74 68 74 48 15 37 51 57 72 9 73 76 39 18 39 83 82 38 75 0 82 42 69 37 13 37 61 8 43 
59 85 62 63 101 75 101 37 45 90 33 89 82 80 89 23 95 90 109 123 65 107 84 75 88 25 24 22 58 85 84 46 100 100 14 90 49 79 69 94 46 8 60 96 9 82 0 49 36 58 68 113 43 76 96 
10 42 21 28 54 53 55 15 46 56 34 68 59 38 43 33 58 60 61 74 20 59 37 36 71 31 34 30 35 37 38 12 50 52 46 47 32 45 55 48 32 48 43 46 46 42 49 0 27 8 29 65 19 34 46 
36 69 48 27 68 41 82 12 57 54 42 91 82 45 69 34 85 54 87 98 33 85 51 63 93 11 12 14 22 53 65 33 69 67 41 74 13 43 74 74 48 30 26 69 38 69 36 27 0 33 56 91 10 61 66 
4 37 19 27 46 53 48 23 51 53 41 68 59 33 36 41 54 58 54 66 15 51 30 32 72 39 42 38 37 29 31 18 42 44 54 42 36 42 57 41 37 56 45 38 55 37 58 8 33 0 27 58 24 29 37 
22 17 8 54 61 80 34 44 40 78 38 42 33 57 24 46 29 84 44 60 41 43 48 7 46 57 60 55 64 46 20 23 52 57 59 22 62 68 35 28 27 70 72 42 61 13 68 29 56 27 0 48 48 8 45 
55 31 51 74 49 97 13 81 88 83 86 70 64 65 24 92 38 91 4 15 61 6 51 42 76 97 100 96 88 47 29 67 37 45 106 27 90 79 75 20 75 113 95 27 108 37 113 65 91 58 48 0 81 39 32 
28 61 40 20 58 39 73 8 57 48 42 86 77 36 60 36 77 50 77 88 23 75 42 55 88 19 21 20 19 43 55 28 59 58 46 66 13 37 71 65 45 38 26 59 44 61 43 19 10 24 48 81 0 53 56 
25 8 13 55 56 81 26 49 49 77 47 44 36 55 16 54 24 83 36 52 41 34 45 5 49 63 66 61 66 42 12 30 46 52 67 14 65 68 41 19 36 77 74 35 70 8 76 34 61 29 8 39 53 0 39 
37 38 43 44 19 65 33 59 83 51 76 82 74 33 27 78 55 59 28 33 33 27 19 44 88 74 77 75 58 15 28 53 7 14 92 38 63 47 80 29 68 93 65 5 92 43 96 46 66 37 45 32 56 39 0 
