12 10 4
19 20 16 14 19 18 7 22 21 6 
32 36 37 32 
0 38 58 10 40 57 45 45 53 39 41 52 23 23 33 30 19 30 52 60 7 20 31 29 41 28 16 30 35 20 49 34 54 7 43 37 49 53 19 40 51 38 21 22 47 
38 0 96 37 79 33 84 65 88 78 49 86 61 56 23 61 19 66 84 23 46 21 57 13 62 44 50 44 60 56 75 23 56 31 53 25 11 71 33 72 20 55 57 58 33 
58 96 0 64 20 115 14 78 15 23 69 19 41 41 91 58 77 47 25 118 50 74 46 84 52 60 46 62 46 50 71 83 80 65 86 85 105 85 74 58 110 58 48 51 90 
10 37 64 0 45 50 50 36 61 43 51 60 25 33 26 24 19 28 61 56 15 23 41 31 51 37 26 39 45 18 42 39 63 12 32 42 48 44 9 35 46 48 20 20 53 
40 79 20 45 0 95 6 58 25 3 61 27 21 29 71 37 60 27 31 100 32 58 38 68 47 50 31 52 40 30 52 69 73 47 66 72 89 66 54 39 91 51 28 30 79 
57 33 115 50 95 0 101 58 111 94 82 110 74 80 24 65 41 74 109 23 65 49 85 45 91 74 73 74 88 66 70 56 89 52 42 58 37 60 41 73 14 85 68 67 66 
45 84 14 50 6 101 0 64 20 9 63 23 27 31 77 44 65 33 27 105 37 63 39 72 47 52 35 54 40 36 58 73 74 52 72 75 93 72 60 45 97 52 34 36 82 
45 65 78 36 58 58 64 0 82 55 87 83 40 63 43 21 51 31 85 76 46 59 73 64 84 73 57 75 77 32 12 74 99 48 15 78 76 8 34 21 64 83 33 30 89 
53 88 15 61 25 111 20 82 0 28 55 4 42 31 86 61 71 51 9 111 46 66 33 75 37 48 38 50 32 51 76 72 65 58 88 74 96 90 71 63 104 44 49 52 78 
39 78 23 43 3 94 9 55 28 0 63 30 19 30 70 35 59 24 34 99 32 58 39 68 49 51 32 53 42 28 49 70 75 46 63 72 88 63 53 36 90 53 26 28 80 
41 49 69 51 61 82 63 87 55 63 0 52 57 33 63 70 43 67 48 71 42 33 24 37 18 14 34 12 23 59 90 26 13 39 83 26 52 95 56 80 69 11 59 62 24 
52 86 19 60 27 110 23 83 4 30 52 0 43 30 85 62 69 52 5 109 45 64 30 73 33 45 36 47 29 52 78 70 61 57 88 71 94 91 70 65 102 40 50 53 75 
23 61 41 25 21 74 27 40 42 19 57 43 0 26 50 19 42 11 45 81 17 43 37 52 48 43 23 45 41 9 37 57 70 30 46 60 72 48 33 25 71 49 7 10 68 
23 56 41 33 29 80 31 63 31 30 33 30 26 0 56 43 39 37 29 79 18 34 11 44 22 21 7 23 15 31 62 42 45 27 64 44 64 71 42 51 72 24 30 33 50 
33 23 91 26 71 24 77 43 86 70 63 85 50 56 0 43 20 51 85 33 40 29 62 28 70 53 49 54 65 43 54 40 72 29 30 43 33 48 17 53 22 65 45 44 54 
30 61 58 24 37 65 44 21 61 35 70 62 19 43 43 0 43 10 64 76 28 48 54 55 65 56 38 58 58 11 19 63 83 35 29 67 72 29 28 11 65 65 13 9 77 
19 19 77 19 60 41 65 51 71 59 43 69 42 39 20 43 0 47 68 40 27 9 43 13 50 33 32 34 46 37 59 23 53 12 43 26 29 58 17 54 33 45 38 39 37 
30 66 47 28 27 74 33 31 51 24 67 52 11 37 51 10 47 0 55 83 26 50 48 59 60 53 34 56 52 10 26 64 80 37 39 68 76 39 34 13 73 60 9 8 77 
52 84 25 61 31 109 27 85 9 34 48 5 45 29 85 64 68 55 0 107 45 62 27 71 29 42 36 43 26 54 81 67 56 56 90 68 91 93 70 68 101 36 52 55 71 
60 23 118 56 100 23 105 76 111 99 71 109 81 79 33 76 40 83 107 0 67 44 80 36 84 67 72 67 83 74 87 44 75 53 61 45 19 79 49 87 12 77 76 76 51 
7 46 50 15 32 65 37 46 46 32 42 45 17 18 40 28 27 26 45 67 0 26 27 36 38 28 11 30 31 17 48 40 55 14 46 43 56 55 25 38 59 37 17 19 51 
20 21 74 23 58 49 63 59 66 58 33 64 43 34 29 48 9 50 62 44 26 0 36 9 42 24 28 25 39 40 65 15 43 13 51 19 30 66 25 59 39 36 41 42 29 
31 57 46 41 38 85 39 73 33 39 24 30 37 11 62 54 43 48 27 80 27 36 0 44 11 15 16 16 4 42 74 39 35 33 73 41 64 82 50 62 75 13 41 44 44 
29 13 84 31 68 45 72 64 75 68 37 73 52 44 28 55 13 59 71 36 36 9 44 0 48 30 38 31 47 49 72 12 44 22 55 15 20 71 30 67 32 42 50 51 25 
41 62 52 51 47 91 47 84 37 49 18 33 48 22 70 65 50 60 29 84 38 42 11 48 0 18 27 17 7 54 85 41 28 42 84 41 67 93 59 73 81 7 53 56 43 
28 44 60 37 50 74 52 73 48 51 14 45 43 21 53 56 33 53 42 67 28 24 15 30 18 0 20 2 16 45 76 24 27 26 70 25 50 81 44 66 63 12 45 47 30 
16 50 46 26 31 73 35 57 38 32 34 36 23 7 49 38 32 34 36 72 11 28 16 38 27 20 0 22 20 27 58 38 47 20 57 40 59 66 35 47 65 26 26 29 48 
30 44 62 39 52 74 54 75 50 53 12 47 45 23 54 58 34 56 43 67 30 25 16 31 17 2 22 0 17 47 78 24 25 28 72 24 49 83 45 68 63 11 47 50 28 
35 60 46 45 40 88 40 77 32 42 23 29 41 15 65 58 46 52 26 83 31 39 4 47 7 16 20 17 0 46 77 41 34 37 77 42 66 86 54 66 78 12 45 48 45 
20 56 50 18 30 66 36 32 51 28 59 52 9 31 43 11 37 10 54 74 17 40 42 49 54 45 27 47 46 0 31 55 72 27 36 58 67 40 26 20 64 53 2 2 68 
49 75 71 42 52 70 58 12 76 49 90 78 37 62 54 19 59 26 81 87 48 65 74 72 85 76 58 78 77 31 0 81 103 53 28 84 85 16 42 13 75 85 32 29 95 
34 23 83 39 69 56 73 74 72 70 26 70 57 42 40 63 23 64 67 44 40 15 39 12 41 24 38 24 41 55 81 0 33 28 66 3 25 82 40 74 43 34 55 57 14 
54 56 80 63 73 89 74 99 65 75 13 61 70 45 72 83 53 80 56 75 55 43 35 44 28 27 47 25 34 72 103 33 0 51 94 31 56 107 68 93 76 22 72 75 25 
7 31 65 12 47 52 52 48 58 46 39 57 30 27 29 35 12 37 56 53 14 13 33 22 42 26 20 28 37 27 53 28 51 0 43 31 41 56 17 46 45 38 28 29 41 
43 53 86 32 66 42 72 15 88 63 83 88 46 64 30 29 43 39 90 61 46 51 73 55 84 70 57 72 77 36 28 66 94 43 0 70 63 18 26 33 49 81 38 36 80 
37 25 85 42 72 58 75 78 74 72 26 71 60 44 43 67 26 68 68 45 43 19 41 15 41 25 40 24 42 58 84 3 31 31 70 0 26 85 44 78 45 34 59 60 10 
49 11 105 48 89 37 93 76 96 88 52 94 72 64 33 72 29 76 91 19 56 30 64 20 67 50 59 49 66 67 85 25 56 41 63 26 0 81 44 83 22 60 68 68 32 
53 71 85 44 66 60 72 8 90 63 95 91 48 71 48 29 58 39 93 79 55 66 82 71 93 81 66 83 86 40 16 82 107 56 18 85 81 0 41 27 67 91 42 39 96 
19 33 74 9 54 41 60 34 71 53 56 70 33 42 17 28 17 34 70 49 25 25 50 30 59 44 35 45 54 26 42 40 68 17 26 44 44 41 0 39 38 55 28 27 54 
40 72 58 35 39 73 45 21 63 36 80 65 25 51 53 11 54 13 68 87 38 59 62 67 73 66 47 68 66 20 13 74 93 46 33 78 83 27 39 0 75 74 21 18 88 
51 20 110 46 91 14 97 64 104 90 69 102 71 72 22 65 33 73 101 12 59 39 75 32 81 63 65 63 78 64 75 43 76 45 49 45 22 67 38 75 0 74 66 65 52 
38 55 58 48 51 85 52 83 44 53 11 40 49 24 65 65 45 60 36 77 37 36 13 42 7 12 26 11 12 53 85 34 22 38 81 34 60 91 55 74 74 0 53 55 35 
21 57 48 20 28 68 34 33 49 26 59 50 7 30 45 13 38 9 52 76 17 41 41 50 53 45 26 47 45 2 32 55 72 28 38 59 68 42 28 21 66 53 0 3 68 
22 58 51 20 30 67 36 30 52 28 62 53 10 33 44 9 39 8 55 76 19 42 44 51 56 47 29 50 48 2 29 57 75 29 36 60 68 39 27 18 65 55 3 0 70 
47 33 90 53 79 66 82 89 78 80 24 75 68 50 54 77 37 77 71 51 51 29 44 25 43 30 48 28 45 68 95 14 25 41 80 10 32 96 54 88 52 35 68 70 0 
