6 4 5
20 19 23 23 
47 47 44 44 43 
0 32 37 49 30 51 55 39 21 48 53 27 48 61 33 38 38 11 11 44 52 
32 0 19 59 62 73 85 26 11 80 75 17 29 88 4 41 60 34 43 32 24 
37 19 0 75 65 86 82 7 19 83 66 35 11 98 23 26 52 45 47 51 39 
49 59 75 0 57 27 88 80 56 64 98 41 87 47 56 86 84 38 51 35 59 
30 62 65 57 0 44 30 65 51 18 45 54 74 42 63 55 35 31 19 69 81 
51 73 86 27 44 0 71 89 66 43 89 57 97 19 72 88 77 41 47 59 81 
55 85 82 88 30 71 0 80 74 29 31 82 89 63 88 63 33 60 45 98 107 
39 26 7 80 65 89 80 0 24 83 61 41 9 100 30 20 48 48 47 58 46 
21 11 19 56 51 66 74 24 0 69 65 18 31 79 14 34 49 25 32 36 34 
48 80 83 64 18 43 29 83 69 0 54 70 92 34 81 72 48 47 37 83 98 
53 75 66 98 45 89 31 61 65 54 0 79 68 86 79 41 15 62 47 97 99 
27 17 35 41 54 57 82 41 18 70 79 0 46 73 15 52 63 23 37 19 27 
48 29 11 87 74 97 89 9 31 92 68 46 0 109 32 27 56 56 56 61 46 
61 88 98 47 42 19 63 100 79 34 86 73 109 0 87 95 78 53 53 78 98 
33 4 23 56 63 72 88 30 14 81 79 15 32 87 0 45 63 35 44 28 20 
38 41 26 86 55 88 63 20 34 72 41 52 27 95 45 0 30 49 42 71 65 
38 60 52 84 35 77 33 48 49 48 15 63 56 78 63 30 0 47 33 82 84 
11 34 45 38 31 41 60 48 25 47 62 23 56 53 35 49 47 0 15 38 50 
11 43 47 51 19 47 45 47 32 37 47 37 56 53 44 42 33 15 0 53 63 
44 32 51 35 69 59 98 58 36 83 97 19 61 78 28 71 82 38 53 0 24 
52 24 39 59 81 81 107 46 34 98 99 27 46 98 20 65 84 50 63 24 0 
