16 19 17
23 24 5 17 23 18 6 11 16 9 17 23 24 9 13 20 18 13 21 
39 33 38 36 38 39 33 35 34 37 39 38 38 36 36 39 34 
0 46 46 38 50 26 38 50 21 43 57 25 37 30 43 11 55 50 32 30 46 30 67 53 12 25 45 33 33 43 46 63 42 33 24 13 25 49 41 21 41 13 40 1 46 53 49 51 30 22 20 32 13 63 31 24 34 24 35 60 23 42 58 27 29 62 45 6 55 21 49 
46 0 42 13 93 67 77 96 67 31 47 69 48 42 47 36 91 21 24 61 90 18 102 27 44 25 67 72 55 44 34 51 53 48 47 34 26 92 34 39 45 49 44 47 72 96 80 37 63 53 36 45 34 46 77 35 31 25 55 48 46 36 44 37 65 53 63 44 42 38 20 
46 42 0 29 71 48 52 86 61 11 84 53 14 66 77 37 62 25 54 36 89 45 69 22 55 48 31 79 25 4 70 89 14 71 25 46 26 72 67 24 7 58 7 46 91 97 94 74 75 32 26 16 34 85 63 21 14 48 76 85 64 6 82 18 75 90 86 39 10 24 60 
38 13 29 0 82 56 65 88 59 18 56 59 35 43 51 27 79 14 27 49 84 18 89 19 40 24 54 68 42 31 42 60 39 49 34 29 15 82 40 26 32 45 31 39 73 91 79 46 60 41 24 32 24 56 67 23 18 24 56 57 45 23 53 24 62 62 65 34 31 25 31 
50 93 71 82 0 26 18 27 34 76 105 24 57 77 90 58 19 90 82 35 44 80 28 90 59 75 44 54 46 67 96 111 58 78 49 64 67 4 90 56 64 56 64 49 77 52 73 100 62 42 58 55 59 113 21 60 69 74 77 108 68 72 107 60 58 110 84 50 82 57 100 
26 67 48 56 26 0 12 38 21 51 84 6 34 56 69 32 28 64 58 13 45 55 40 65 38 51 29 45 24 44 73 89 37 59 23 40 41 26 68 30 41 36 40 26 65 54 64 77 48 16 32 31 33 90 16 34 43 50 59 86 48 47 84 34 45 89 68 25 59 31 75 
38 77 52 65 18 12 0 39 30 58 96 15 38 68 81 43 16 72 70 17 51 66 28 72 50 62 26 54 27 48 85 101 39 71 31 52 50 20 79 38 45 48 45 38 75 60 73 89 59 24 41 37 44 102 21 42 51 61 71 99 60 53 96 42 56 101 79 36 63 39 86 
50 96 86 88 27 38 39 0 29 88 95 32 72 68 79 61 46 98 79 51 19 80 55 101 54 74 66 36 62 82 89 100 76 67 60 63 73 23 83 65 79 49 78 49 58 25 51 93 47 53 65 69 63 104 22 69 79 73 63 98 59 85 98 70 43 98 68 53 96 65 97 
21 67 61 59 34 21 30 29 0 61 71 15 49 43 55 32 45 70 51 32 27 51 57 73 26 45 49 24 41 58 62 76 54 44 36 34 45 32 57 38 55 22 54 20 45 36 43 67 29 30 38 45 34 79 13 41 52 44 42 74 33 59 73 44 25 75 49 24 71 38 69 
43 31 11 18 76 51 58 88 61 0 74 56 21 58 68 32 69 15 45 41 88 36 78 14 50 39 40 76 31 13 60 78 23 64 27 39 19 77 58 23 15 53 15 43 85 96 90 64 71 35 23 21 30 75 65 19 8 39 69 75 57 5 72 17 71 80 79 37 13 22 49 
57 47 84 56 105 84 96 95 71 74 0 82 84 27 16 55 112 68 30 86 80 38 124 74 46 37 99 60 85 84 14 5 89 27 75 45 59 103 17 68 83 49 82 58 45 82 55 10 48 77 64 79 56 10 84 67 70 38 32 3 37 78 5 71 52 6 32 60 87 67 28 
25 69 53 59 24 6 15 32 15 56 82 0 40 54 67 33 31 68 58 20 38 55 43 69 36 51 36 39 30 49 71 87 43 56 28 39 44 23 66 33 46 33 46 25 60 47 58 76 43 21 35 37 35 89 10 37 48 50 55 85 45 52 83 38 40 86 63 25 64 34 75 
37 48 14 35 57 34 38 72 49 21 84 40 0 62 74 31 48 36 53 21 76 46 56 35 48 46 19 69 10 10 70 89 6 67 13 41 25 58 66 17 7 50 7 37 83 85 86 75 67 19 20 5 29 87 50 16 17 46 71 86 58 16 82 13 66 90 81 30 25 17 64 
30 42 66 43 77 56 68 68 43 58 27 54 62 0 13 31 85 58 17 60 56 25 97 63 18 19 74 36 61 65 20 33 68 5 51 21 40 75 15 45 64 21 63 31 30 60 38 24 24 52 42 57 33 35 56 46 52 19 12 30 9 60 29 50 28 32 21 34 72 45 32 
43 47 77 51 90 69 81 79 55 68 16 67 74 13 0 43 98 65 23 73 64 32 110 71 31 29 87 44 74 76 15 21 80 11 64 33 51 87 12 57 75 33 74 44 31 67 41 16 32 64 54 69 45 25 69 57 63 29 16 19 21 71 19 61 36 20 18 47 81 57 31 
11 36 37 27 58 32 43 61 32 32 55 33 31 31 43 0 59 39 26 31 57 22 71 42 18 19 43 43 30 35 42 61 37 36 20 10 14 57 38 14 33 21 32 12 53 64 57 47 38 22 11 26 2 60 41 15 24 18 40 57 27 32 55 19 38 61 50 8 45 14 42 
55 91 62 79 19 28 16 46 45 69 112 31 48 85 98 59 0 84 86 30 62 81 12 83 66 78 31 68 38 58 101 118 48 87 44 68 65 23 96 52 55 64 55 54 90 70 87 106 74 38 55 48 60 118 33 56 63 77 87 115 76 64 113 55 71 117 95 52 72 53 102 
50 21 25 14 90 64 72 98 70 15 68 68 36 58 65 39 84 0 41 55 96 33 93 6 54 38 55 82 45 28 54 72 38 64 41 43 25 90 53 34 30 58 30 51 87 104 93 58 74 48 33 35 36 67 77 30 21 39 70 69 59 21 65 30 76 74 79 46 21 33 41 
32 24 54 27 82 58 70 79 51 45 30 58 53 17 23 26 86 41 0 58 69 9 97 47 25 7 69 50 55 53 16 35 59 23 46 18 29 81 13 38 53 30 52 33 48 74 56 21 39 48 34 49 27 33 63 37 40 8 30 32 23 48 29 40 43 36 38 33 58 37 18 
30 61 36 49 35 13 17 51 32 41 86 20 21 60 73 31 30 55 58 0 58 52 40 55 42 50 17 55 11 31 73 91 24 63 14 40 34 36 69 22 28 42 28 29 74 67 74 78 57 9 25 20 31 91 29 26 34 49 65 88 53 36 86 25 55 91 74 25 46 23 72 
46 90 89 84 44 45 51 19 27 88 80 38 76 56 64 57 62 96 69 58 0 72 72 99 45 65 75 20 68 85 76 85 81 53 63 55 71 40 71 65 82 40 82 45 40 8 32 79 32 57 65 72 60 90 30 69 79 64 48 83 47 86 83 71 28 83 50 51 99 66 87 
30 18 45 18 80 55 66 80 51 36 38 55 46 25 32 22 81 33 9 52 72 0 93 38 26 6 62 54 49 45 24 43 51 31 39 17 21 79 22 31 45 32 44 31 55 78 62 29 44 43 27 41 21 41 61 29 31 7 37 40 28 39 37 33 47 44 46 30 49 30 20 
67 102 69 89 28 40 28 55 57 78 124 43 56 97 110 71 12 93 97 40 72 93 0 91 78 90 38 80 47 65 113 130 55 99 55 79 75 32 108 63 62 76 63 66 102 80 99 118 86 49 66 57 71 130 45 66 72 89 99 127 88 72 125 65 83 129 107 64 79 64 113 
53 27 22 19 90 65 72 101 73 14 74 69 35 63 71 42 83 6 47 55 99 38 91 0 58 43 53 86 45 26 60 78 36 69 41 47 28 91 59 36 28 62 28 54 92 107 98 64 79 48 35 35 40 73 79 31 21 44 75 75 64 19 71 30 80 80 84 48 17 35 47 
12 44 55 40 59 38 50 54 26 50 46 36 48 18 31 18 66 54 25 42 45 26 78 58 0 20 58 28 45 53 36 51 54 21 36 11 31 57 30 31 51 5 50 13 35 51 39 40 20 34 29 43 20 53 39 33 42 19 23 48 10 50 47 37 21 50 33 18 63 31 43 
25 25 48 24 75 51 62 74 45 39 37 51 46 19 29 19 78 38 7 50 65 6 90 43 20 0 61 47 48 47 24 42 52 25 38 11 22 74 20 30 46 25 45 26 49 71 55 29 38 41 26 41 19 41 56 29 34 1 31 39 22 42 36 33 40 43 41 26 52 29 24 
45 67 31 54 44 29 26 66 49 40 99 36 19 74 87 43 31 55 69 17 75 62 38 53 58 61 0 72 13 27 86 104 17 78 23 54 42 47 81 31 25 58 25 45 91 84 91 91 74 23 35 22 42 103 45 33 36 61 81 101 68 34 98 30 72 105 91 40 41 32 82 
33 72 79 68 54 45 54 36 24 76 60 39 69 36 44 43 68 82 50 55 20 54 80 86 28 47 72 0 62 76 56 65 74 33 55 39 57 51 51 54 74 23 73 33 23 24 19 59 12 51 53 64 46 69 34 58 68 47 28 63 27 75 63 61 8 62 31 39 88 55 67 
33 55 25 42 46 24 27 62 41 31 85 30 10 61 74 30 38 45 55 11 68 49 47 45 45 48 13 62 0 20 72 90 13 65 9 40 29 47 68 17 17 46 17 33 79 77 80 77 62 11 21 10 29 89 40 19 25 47 68 87 55 26 84 17 61 91 78 27 35 18 68 
43 44 4 31 67 44 48 82 58 13 84 49 10 65 76 35 58 28 53 31 85 45 65 26 53 47 27 76 20 0 70 89 10 70 21 44 25 68 67 21 3 55 3 43 88 94 92 74 73 28 24 12 32 86 59 19 13 47 74 85 62 7 82 15 72 90 85 37 14 21 61 
46 34 70 42 96 73 85 89 62 60 14 71 70 20 15 42 101 54 16 73 76 24 113 60 36 24 86 56 72 70 0 18 75 23 62 33 45 94 5 54 69 40 68 47 46 80 55 5 44 64 51 65 43 17 75 53 56 24 29 15 29 63 12 57 48 20 34 48 73 54 17 
63 51 89 60 111 89 101 100 76 78 5 87 89 33 21 61 118 72 35 91 85 43 130 78 51 42 104 65 90 89 18 0 94 33 81 51 64 108 22 73 88 54 87 63 49 87 59 14 53 82 69 84 61 7 90 72 75 43 37 3 43 82 7 76 57 3 36 66 91 72 31 
42 53 14 39 58 37 39 76 54 23 89 43 6 68 80 37 48 38 59 24 81 51 55 36 54 52 17 74 13 10 75 94 0 73 18 47 30 60 72 23 8 55 8 43 89 90 91 80 73 23 26 11 35 92 53 22 21 51 77 91 64 17 88 18 72 95 87 36 24 23 69 
33 48 71 49 78 59 71 67 44 64 27 56 67 5 11 36 87 64 23 63 53 31 99 69 21 25 78 33 65 70 23 33 73 0 55 26 45 76 18 50 69 22 68 34 25 57 33 26 21 55 47 62 38 36 57 51 57 25 7 30 10 66 30 55 25 31 15 38 77 50 37 
24 47 25 34 49 23 31 60 36 27 75 28 13 51 64 20 44 41 46 14 63 39 55 41 36 38 23 55 9 21 62 81 18 55 0 30 20 49 58 8 19 37 18 24 70 72 72 67 54 7 12 9 19 79 38 11 20 37 59 77 46 24 74 11 53 81 69 18 36 9 59 
13 34 46 29 64 40 52 63 34 39 45 39 41 21 33 10 68 43 18 40 55 17 79 47 11 11 54 39 40 44 33 51 47 26 30 0 20 62 28 24 43 16 42 14 45 62 50 38 31 31 21 36 12 50 45 25 32 10 30 48 18 40 45 29 33 51 40 15 52 24 35 
25 26 26 15 67 41 50 73 45 19 59 44 25 40 51 14 65 25 29 34 71 21 75 28 31 22 42 57 29 25 45 64 30 45 20 20 0 67 42 12 24 34 23 26 66 79 71 50 51 26 9 20 11 62 52 9 12 22 50 61 38 20 57 12 52 65 60 20 32 11 39 
49 92 72 82 4 26 20 23 32 77 103 23 58 75 87 57 23 90 81 36 40 79 32 91 57 74 47 51 47 68 94 108 60 76 49 62 67 0 88 56 65 54 65 48 74 48 69 98 59 42 58 56 58 110 18 60 69 73 74 106 65 73 104 60 55 107 80 49 83 57 98 
41 34 67 40 90 68 79 83 57 58 17 66 66 15 12 38 96 53 13 69 71 22 108 59 30 20 81 51 68 67 5 22 72 18 58 28 42 88 0 50 66 34 65 41 42 75 51 10 39 60 47 62 38 22 70 49 53 20 25 19 24 61 17 53 43 23 30 43 71 50 19 
21 39 24 26 56 30 38 65 38 23 68 33 17 45 57 14 52 34 38 22 65 31 63 36 31 30 31 54 17 21 54 73 23 50 8 24 12 56 50 0 19 33 18 21 67 73 70 59 51 14 3 12 12 71 43 4 14 29 54 70 41 21 67 6 50 73 64 15 33 1 50 
41 45 7 32 64 41 45 79 55 15 83 46 7 64 75 33 55 30 53 28 82 45 62 28 51 46 25 74 17 3 69 88 8 69 19 43 24 65 66 19 0 53 1 41 87 91 90 74 71 25 22 9 31 86 56 18 13 46 73 85 60 9 82 14 70 89 83 34 18 19 62 
13 49 58 45 56 36 48 49 22 53 49 33 50 21 33 21 64 58 30 42 40 32 76 62 5 25 58 23 46 55 40 54 55 22 37 16 34 54 34 33 53 0 52 13 33 46 36 44 17 35 31 45 23 56 35 36 45 24 23 52 12 53 50 39 17 53 32 19 66 34 48 
40 44 7 31 64 40 45 78 54 15 82 46 7 63 74 32 55 30 52 28 82 44 63 28 50 45 25 73 17 3 68 87 8 68 18 42 23 65 65 18 1 52 0 40 86 90 89 73 70 25 21 9 30 85 56 17 13 45 72 84 59 9 81 13 69 89 82 34 18 18 61 
1 47 46 39 49 26 38 49 20 43 58 25 37 31 44 12 54 51 33 29 45 31 66 54 13 26 45 33 33 43 47 63 43 34 24 14 26 48 41 21 41 13 40 0 46 53 48 51 29 22 20 32 14 64 30 25 35 25 35 60 23 42 58 28 29 63 45 6 55 22 50 
46 72 91 73 77 65 75 58 45 85 45 60 83 30 31 53 90 87 48 74 40 55 102 92 35 49 91 23 79 88 46 49 89 25 70 45 66 74 42 67 87 33 86 46 0 39 10 47 17 68 64 78 56 55 57 69 78 48 17 48 27 86 49 73 19 46 13 52 98 67 61 
53 96 97 91 52 54 60 25 36 96 82 47 85 60 67 64 70 104 74 67 8 78 80 107 51 71 84 24 77 94 80 87 90 57 72 62 79 48 75 73 91 46 90 53 39 0 30 83 36 66 73 81 67 92 39 77 87 70 51 85 51 94 86 79 32 84 51 59 107 74 92 
49 80 94 79 73 64 73 51 43 90 55 58 86 38 41 57 87 93 56 74 32 62 99 98 39 55 91 19 80 92 55 59 91 33 72 50 71 69 51 70 90 36 89 48 10 30 0 57 19 69 68 81 60 65 53 72 82 55 26 58 33 90 59 76 19 56 23 55 102 70 70 
51 37 74 46 100 77 89 93 67 64 10 76 75 24 16 47 106 58 21 78 79 29 118 64 40 29 91 59 77 74 5 14 80 26 67 38 50 98 10 59 74 44 73 51 47 83 57 0 47 69 55 70 48 12 80 58 61 29 32 11 33 68 7 62 51 16 35 53 77 59 18 
30 63 75 60 62 48 59 47 29 71 48 43 67 24 32 38 74 74 39 57 32 44 86 79 20 38 74 12 62 73 44 53 73 21 54 31 51 59 39 51 71 17 70 29 17 36 19 47 0 51 49 62 41 57 41 53 63 37 16 51 16 71 51 57 4 51 21 36 83 51 56 
22 53 32 41 42 16 24 53 30 35 77 21 19 52 64 22 38 48 48 9 57 43 49 48 34 41 23 51 11 28 64 82 23 55 7 31 26 42 60 14 25 35 25 22 68 66 69 69 51 0 17 15 21 82 31 18 27 40 58 79 45 31 77 18 49 83 67 17 43 15 63 
20 36 26 24 58 32 41 65 38 23 64 35 20 42 54 11 55 33 34 25 65 27 66 35 29 26 35 53 21 24 51 69 26 47 12 21 9 58 47 3 22 31 21 20 64 73 68 55 49 17 0 15 9 68 44 4 14 26 51 66 38 22 63 8 49 70 61 14 35 3 47 
32 45 16 32 55 31 37 69 45 21 79 37 5 57 69 26 48 35 49 20 72 41 57 35 43 41 22 64 10 12 65 84 11 62 9 36 20 56 62 12 9 45 9 32 78 81 81 70 62 15 15 0 24 82 47 12 14 41 66 81 53 16 78 8 61 85 76 25 27 12 60 
13 34 34 24 59 33 44 63 34 30 56 35 29 33 45 2 60 36 27 31 60 21 71 40 20 19 42 46 29 32 43 61 35 38 19 12 11 58 38 12 31 23 30 14 56 67 60 48 41 21 9 24 0 60 43 13 21 18 42 58 29 29 55 17 41 62 52 10 42 12 41 
63 46 85 56 113 90 102 104 79 75 10 89 87 35 25 60 118 67 33 91 90 41 130 73 53 41 103 69 89 86 17 7 92 36 79 50 62 110 22 71 86 56 85 64 55 92 65 12 57 82 68 82 60 0 92 70 72 42 41 7 45 79 6 74 61 11 42 66 87 71 26 
31 77 63 67 21 16 21 22 13 65 84 10 50 56 69 41 33 77 63 29 30 61 45 79 39 56 45 34 40 59 75 90 53 57 38 45 52 18 70 43 56 35 56 30 57 39 53 80 41 31 44 47 43 92 0 47 57 55 55 87 47 62 86 48 38 89 63 33 74 43 81 
24 35 21 23 60 34 42 69 41 19 67 37 16 46 57 15 56 30 37 26 69 29 66 31 33 29 33 58 19 19 53 72 22 51 11 25 9 60 49 4 18 36 17 25 69 77 72 58 53 18 4 12 13 70 47 0 10 29 55 69 42 17 66 4 53 73 65 18 30 3 48 
34 31 14 18 69 43 51 79 52 8 70 48 17 52 63 24 63 21 40 34 79 31 72 21 42 34 36 68 25 13 56 75 21 57 20 32 12 69 53 14 13 45 13 35 78 87 82 61 63 27 14 14 21 72 57 10 0 34 63 72 50 8 68 9 63 76 73 29 20 13 48 
24 25 48 24 74 50 61 73 44 39 38 50 46 19 29 18 77 39 8 49 64 7 89 44 19 1 61 47 47 47 24 43 51 25 37 10 22 73 20 29 46 24 45 25 48 70 55 29 37 40 26 41 18 42 55 29 34 0 31 40 21 42 37 33 39 44 40 25 52 29 25 
35 55 76 56 77 59 71 63 42 69 32 55 71 12 16 40 87 70 30 65 48 37 99 75 23 31 81 28 68 74 29 37 77 7 59 30 50 74 25 54 73 23 72 35 17 51 26 32 16 58 51 66 42 41 55 55 63 31 0 35 13 71 35 59 20 34 10 41 83 54 44 
60 48 85 57 108 86 99 98 74 75 3 85 86 30 19 57 115 69 32 88 83 40 127 75 48 39 101 63 87 85 15 3 91 30 77 48 61 106 19 70 85 52 84 60 48 85 58 11 51 79 66 81 58 7 87 69 72 40 35 0 40 79 4 73 55 5 35 63 88 69 28 
23 46 64 45 68 48 60 59 33 57 37 45 58 9 21 27 76 59 23 53 47 28 88 64 10 22 68 27 55 62 29 43 64 10 46 18 38 65 24 41 60 12 59 23 27 51 33 33 16 45 38 53 29 45 47 42 50 21 13 40 0 58 39 46 19 41 23 28 70 41 40 
42 36 6 23 72 47 53 85 59 5 78 52 16 60 71 32 64 21 48 36 86 39 72 19 50 42 34 75 26 7 63 82 17 66 24 40 20 73 61 21 9 53 9 42 86 94 90 68 71 31 22 16 29 79 62 17 8 42 71 79 58 0 75 14 71 84 81 36 12 20 54 
58 44 82 53 107 84 96 98 73 72 5 83 82 29 19 55 113 65 29 86 83 37 125 71 47 36 98 63 84 82 12 7 88 30 74 45 57 104 17 67 82 50 81 58 49 86 59 7 51 77 63 78 55 6 86 66 68 37 35 4 39 75 0 69 55 9 36 60 84 66 24 
27 37 18 24 60 34 42 70 44 17 71 38 13 50 61 19 55 30 40 25 71 33 65 30 37 33 30 61 17 15 57 76 18 55 11 29 12 60 53 6 14 39 13 28 73 79 76 62 57 18 8 8 17 74 48 4 9 33 59 73 46 14 69 0 57 77 69 21 27 5 51 
29 65 75 62 58 45 56 43 25 71 52 40 66 28 36 38 71 76 43 55 28 47 83 80 21 40 72 8 61 72 48 57 72 25 53 33 52 55 43 50 70 17 69 29 19 32 19 51 4 49 49 61 41 61 38 53 63 39 20 55 19 71 55 57 0 55 25 35 84 51 60 
62 53 90 62 110 89 101 98 75 80 6 86 90 32 20 61 117 74 36 91 83 44 129 80 50 43 105 62 91 90 20 3 95 31 81 51 65 107 23 73 89 53 89 63 46 84 56 16 51 83 70 85 62 11 89 73 76 44 34 5 41 84 9 77 55 0 33 66 93 73 33 
45 63 86 65 84 68 79 68 49 79 32 63 81 21 18 50 95 79 38 74 50 46 107 84 33 41 91 31 78 85 34 36 87 15 69 40 60 80 30 64 83 32 82 45 13 51 23 35 21 67 61 76 52 42 63 65 73 40 10 35 23 81 36 69 25 33 0 51 93 64 50 
6 44 39 34 50 25 36 53 24 37 60 25 30 34 47 8 52 46 33 25 51 30 64 48 18 26 40 39 27 37 48 66 36 38 18 15 20 49 43 15 34 19 34 6 52 59 55 53 36 17 14 25 10 66 33 18 29 25 41 63 28 36 60 21 35 66 51 0 49 15 50 
55 42 10 31 82 59 63 96 71 13 87 64 25 72 81 45 72 21 58 46 99 49 79 17 63 52 41 88 35 14 73 91 24 77 36 52 32 83 71 33 18 66 18 55 98 107 102 77 83 43 35 27 42 87 74 30 20 52 83 88 70 12 84 27 84 93 93 49 0 33 61 
21 38 24 25 57 31 39 65 38 22 67 34 17 45 57 14 53 33 37 23 66 30 64 35 31 29 32 55 18 21 54 72 23 50 9 24 11 57 50 1 19 34 18 22 67 74 70 59 51 15 3 12 12 71 43 3 13 29 54 69 41 20 66 5 51 73 64 15 33 0 50 
49 20 60 31 100 75 86 97 69 49 28 75 64 32 31 42 102 41 18 72 87 20 113 47 43 24 82 67 68 61 17 31 69 37 59 35 39 98 19 50 62 48 61 50 61 92 70 18 56 63 47 60 41 26 81 48 48 25 44 28 40 54 24 51 60 33 50 50 61 50 0 
