10 12 12
18 15 23 9 18 13 13 7 23 13 23 8 
30 34 36 33 31 35 32 30 35 33 30 37 
0 20 38 51 24 47 53 47 46 14 55 14 48 9 52 50 40 42 47 35 35 47 31 6 18 57 39 12 34 45 53 33 46 64 42 41 58 44 47 21 9 14 27 36 50 
20 0 24 64 42 39 60 61 32 34 36 20 45 18 34 59 59 51 35 52 45 53 48 17 38 77 20 23 14 42 57 31 32 70 62 57 78 25 29 10 17 23 38 56 68 
38 24 0 64 62 20 84 62 48 51 25 44 67 40 16 83 68 47 54 60 69 46 69 38 56 94 15 32 17 64 47 22 8 61 80 79 94 32 12 17 39 46 61 72 88 
51 64 64 0 56 53 98 4 96 45 89 65 99 60 80 93 26 17 98 21 79 23 63 57 49 64 76 42 74 96 27 42 67 26 56 71 60 89 76 57 61 64 72 46 70 
24 42 62 56 0 69 41 52 59 14 78 24 50 24 76 36 34 55 57 35 24 62 8 25 8 35 62 33 56 47 68 55 70 76 20 18 37 63 71 45 26 21 18 19 25 
47 39 20 53 69 0 98 52 67 56 41 57 85 52 31 96 65 35 73 56 81 31 77 49 62 97 35 36 37 81 31 15 17 44 83 87 96 52 29 29 51 58 73 74 94 
53 60 84 98 41 98 0 94 51 53 89 41 27 46 91 6 76 94 45 77 18 100 36 49 48 60 76 66 70 27 106 86 92 116 52 32 65 67 87 69 46 40 26 57 44 
47 61 62 4 52 52 94 0 92 41 87 61 95 56 78 89 23 17 94 17 75 23 59 53 45 61 73 38 71 92 28 40 65 29 52 67 57 86 74 54 57 60 68 42 66 
46 32 48 96 59 67 51 92 0 58 41 35 25 38 47 54 86 83 7 81 46 85 61 40 59 93 34 53 30 24 89 63 54 102 79 66 96 18 44 42 37 37 44 77 79 
14 34 51 45 14 56 53 41 58 0 70 23 55 20 65 48 28 41 58 25 34 48 22 18 6 43 53 19 48 52 54 41 58 63 28 32 43 58 60 34 21 21 26 22 38 
55 36 25 89 78 41 89 87 41 70 0 55 66 54 10 89 91 72 48 83 78 71 84 53 74 113 16 54 22 64 72 47 24 85 98 92 113 23 13 36 52 58 72 92 104 
14 20 44 65 24 57 41 61 35 23 55 0 34 5 54 39 51 56 35 47 25 61 29 8 23 59 40 26 34 31 66 45 52 78 45 36 61 39 49 28 5 2 17 42 48 
48 45 67 99 50 85 27 95 25 55 66 34 0 39 70 31 83 91 18 81 29 95 49 42 53 79 56 60 50 3 100 76 74 112 68 50 83 43 67 55 39 35 32 69 64 
9 18 40 60 24 52 46 56 38 20 54 5 39 0 52 43 48 51 38 43 29 56 30 3 21 59 38 21 32 35 61 40 48 73 45 38 61 39 47 24 1 6 21 40 50 
52 34 16 80 76 31 91 78 47 65 10 54 70 52 0 91 85 63 54 76 78 61 82 50 70 109 15 48 21 68 62 38 14 75 94 91 109 29 5 31 50 57 71 87 101 
50 59 83 93 36 96 6 89 54 48 89 39 31 43 91 0 70 90 48 72 14 96 30 47 44 54 76 62 69 30 102 83 91 112 46 26 59 68 86 67 44 37 23 51 38 
40 59 68 26 34 65 76 23 86 28 91 51 83 48 85 70 0 35 86 9 58 43 39 46 29 38 76 37 71 79 48 50 74 52 29 46 34 84 80 55 49 49 52 20 43 
42 51 47 17 55 35 94 17 83 41 72 56 91 51 63 90 35 0 86 26 75 8 62 48 47 72 60 30 58 87 14 25 50 22 61 72 69 74 59 42 51 56 67 51 74 
47 35 54 98 57 73 45 94 7 58 48 35 18 38 54 48 86 86 0 82 42 89 58 40 58 90 40 56 36 18 93 67 60 106 77 62 93 25 51 46 37 37 41 75 76 
35 52 60 21 35 56 77 17 81 25 83 47 81 43 76 72 9 26 82 0 59 34 42 41 28 46 68 30 64 77 40 41 65 44 35 50 42 77 72 47 44 46 51 25 49 
35 45 69 79 24 81 18 75 46 34 78 25 29 29 78 14 58 75 42 59 0 81 20 32 30 49 63 48 57 27 87 69 77 97 39 20 54 57 73 53 30 23 8 41 34 
47 53 46 23 62 31 100 23 85 48 71 61 95 56 61 96 43 8 89 34 81 0 70 53 54 80 59 35 59 91 6 24 47 17 69 79 77 75 58 43 56 61 73 59 82 
31 48 69 63 8 77 36 59 61 22 84 29 49 30 82 30 39 62 58 42 20 70 0 31 16 31 68 41 62 46 76 63 77 84 19 10 35 68 77 52 31 26 17 21 19 
6 17 38 57 25 49 49 53 40 18 53 8 42 3 50 47 46 48 40 41 32 53 31 0 21 60 37 17 31 39 58 37 46 70 45 40 61 39 45 21 3 9 24 40 51 
18 38 56 49 8 62 48 45 59 6 74 23 53 21 70 44 29 47 58 28 30 54 16 21 0 38 57 25 52 50 60 47 63 68 24 26 39 61 65 39 23 21 23 18 32 
57 77 94 64 35 97 60 61 93 43 113 59 79 59 109 54 38 72 90 46 49 80 31 60 38 0 96 62 91 76 86 82 102 90 14 29 6 98 104 78 61 56 49 22 16 
39 20 15 76 62 35 76 73 34 53 16 40 56 38 15 76 76 60 40 68 63 59 68 37 57 96 0 38 6 53 62 35 20 75 82 77 97 17 11 20 36 42 57 75 88 
12 23 32 42 33 36 66 38 53 19 54 26 60 21 48 62 37 30 56 30 48 35 41 17 25 62 38 0 34 56 40 22 39 52 48 51 62 48 43 17 21 26 39 40 58 
34 14 17 74 56 37 70 71 30 48 22 34 50 32 21 69 71 58 36 64 57 59 62 31 52 91 6 34 0 48 62 35 24 75 76 70 92 16 17 17 30 36 50 70 82 
45 42 64 96 47 81 27 92 24 52 64 31 3 35 68 30 79 87 18 77 27 91 46 39 50 76 53 56 48 0 96 73 71 109 65 48 81 41 64 52 35 31 29 66 61 
53 57 47 27 68 31 106 28 89 54 72 66 100 61 62 102 48 14 93 40 87 6 76 58 60 86 62 40 62 96 0 26 48 13 75 85 82 78 59 47 61 67 79 65 88 
33 31 22 42 55 15 86 40 63 41 47 45 76 40 38 83 50 25 67 41 69 24 63 37 47 82 35 22 35 73 26 0 25 40 68 73 80 51 34 21 39 46 60 59 79 
46 32 8 67 70 17 92 65 54 58 24 52 74 48 14 91 74 50 60 65 77 47 77 46 63 102 20 39 24 71 48 25 0 61 87 86 101 37 12 25 47 54 69 79 96 
64 70 61 26 76 44 116 29 102 63 85 78 112 73 75 112 52 22 106 44 97 17 84 70 68 90 75 52 75 109 13 40 61 0 80 93 86 91 72 60 73 78 89 70 94 
42 62 80 56 20 83 52 52 79 28 98 45 68 45 94 46 29 61 77 35 39 69 19 45 24 14 82 48 76 65 75 68 87 80 0 20 16 84 89 63 46 42 36 10 14 
41 57 79 71 18 87 32 67 66 32 92 36 50 38 91 26 46 72 62 50 20 79 10 40 26 29 77 51 70 48 85 73 86 93 20 0 34 75 86 61 40 34 22 26 13 
58 78 94 60 37 96 65 57 96 43 113 61 83 61 109 59 34 69 93 42 54 77 35 61 39 6 97 62 92 81 82 80 101 86 16 34 0 100 104 78 62 59 52 22 21 
44 25 32 89 63 52 67 86 18 58 23 39 43 39 29 68 84 74 25 77 57 75 68 39 61 98 17 48 16 41 78 51 37 91 84 75 100 0 26 32 38 42 53 80 87 
47 29 12 76 71 29 87 74 44 60 13 49 67 47 5 86 80 59 51 72 73 58 77 45 65 104 11 43 17 64 59 34 12 72 89 86 104 26 0 26 46 52 67 82 96 
21 10 17 57 45 29 69 54 42 34 36 28 55 24 31 67 55 42 46 47 53 43 52 21 39 78 20 17 17 52 47 21 25 60 63 61 78 32 26 0 23 30 45 56 71 
9 17 39 61 26 51 46 57 37 21 52 5 39 1 50 44 49 51 37 44 30 56 31 3 23 61 36 21 30 35 61 39 47 73 46 40 62 38 46 23 0 7 22 42 51 
14 23 46 64 21 58 40 60 37 21 58 2 35 6 57 37 49 56 37 46 23 61 26 9 21 56 42 26 36 31 67 46 54 78 42 34 59 42 52 30 7 0 15 39 46 
27 38 61 72 18 73 26 68 44 26 72 17 32 21 71 23 52 67 41 51 8 73 17 24 23 49 57 39 50 29 79 60 69 89 36 22 52 53 67 45 22 15 0 37 35 
36 56 72 46 19 74 57 42 77 22 92 42 69 40 87 51 20 51 75 25 41 59 21 40 18 22 75 40 70 66 65 59 79 70 10 26 22 80 82 56 42 39 37 0 24 
50 68 88 70 25 94 44 66 79 38 104 48 64 50 101 38 43 74 76 49 34 82 19 51 32 16 88 58 82 61 88 79 96 94 14 13 21 87 96 71 51 46 35 24 0 
