20 21 9
8 11 7 18 17 18 14 9 14 23 20 6 21 19 9 12 23 7 17 12 9 
28 31 28 33 31 34 33 28 29 
0 32 41 44 63 46 44 60 5 37 12 34 34 45 33 35 45 29 56 48 61 2 34 20 20 59 48 26 23 20 53 51 25 31 24 45 51 15 43 25 54 43 18 7 41 53 25 48 23 35 31 61 22 41 39 16 46 56 38 8 46 38 59 49 45 41 37 43 39 43 34 52 40 45 44 39 67 46 20 66 33 27 47 
32 0 72 76 77 45 14 75 36 67 45 57 35 15 12 21 24 60 24 66 93 30 59 53 39 65 33 46 36 17 66 67 50 48 54 20 82 28 71 55 86 75 32 29 73 54 42 66 52 47 62 93 45 27 65 34 14 88 36 36 66 65 61 48 69 38 25 38 21 46 51 29 16 20 44 46 100 78 53 34 25 51 23 
41 72 0 19 77 77 85 73 38 8 28 48 68 84 74 68 79 26 96 42 22 43 44 22 49 65 86 36 45 57 72 65 43 54 19 82 27 52 40 17 13 3 53 46 20 68 40 61 23 61 11 23 44 80 43 50 85 15 62 40 39 21 69 80 28 65 69 67 72 74 41 92 81 81 75 55 27 6 21 107 64 29 88 
44 76 19 0 62 70 87 58 40 26 33 36 63 90 75 77 88 17 101 60 20 47 32 24 44 83 82 50 57 64 59 51 34 45 32 90 8 51 24 30 23 17 50 48 4 83 53 47 36 52 26 19 38 77 29 47 90 25 75 40 57 39 86 72 47 78 79 80 82 66 56 91 81 89 68 69 30 17 25 109 74 43 87 
63 77 77 62 0 36 77 4 59 80 64 31 42 92 66 93 100 51 96 107 81 64 34 60 44 123 56 88 86 78 11 13 39 32 76 97 59 53 38 75 85 77 48 59 58 117 87 16 78 30 77 79 41 56 33 48 89 87 101 55 105 90 123 35 99 104 96 105 95 33 96 69 68 97 36 103 91 78 64 95 94 85 70 
46 45 77 70 36 0 43 35 44 77 54 34 12 59 33 65 69 53 61 94 90 45 38 55 29 103 20 72 67 52 25 31 35 24 68 65 71 31 51 68 89 79 27 39 65 94 70 33 68 17 72 89 32 20 44 30 56 92 76 41 92 83 101 3 90 79 68 80 66 4 80 33 33 66 2 82 99 81 58 59 67 72 34 
44 14 85 87 77 43 0 76 47 81 57 62 36 18 12 34 33 70 18 81 105 42 65 64 45 79 25 61 51 31 66 70 57 52 68 26 92 36 78 69 99 88 38 39 83 67 57 70 65 50 75 105 52 22 72 41 14 101 50 47 81 79 74 44 83 51 37 51 32 45 66 17 9 27 42 60 112 91 65 22 39 65 11 
60 75 73 58 4 35 76 0 55 76 60 27 40 89 65 90 97 47 94 104 77 61 29 56 40 119 55 84 83 75 10 9 35 29 72 95 55 50 34 71 81 73 45 55 54 114 84 12 74 27 73 75 38 55 29 45 88 83 98 52 101 86 119 34 95 101 93 102 93 32 93 68 67 95 35 99 87 73 60 94 91 81 69 
5 36 38 40 59 44 47 55 0 35 10 29 33 49 36 40 50 24 60 50 58 7 29 17 16 63 48 29 27 25 50 46 21 27 24 50 46 14 38 24 52 41 17 7 37 58 28 44 24 32 30 57 17 41 34 14 50 54 43 3 49 39 63 47 46 46 42 48 44 41 38 53 42 50 42 43 65 44 17 69 38 28 49 
37 67 8 26 80 77 81 76 35 0 25 50 67 78 71 61 72 28 91 34 30 39 46 22 48 57 84 28 38 51 74 68 44 55 13 76 34 50 44 12 19 11 51 43 26 60 32 64 16 62 5 31 45 77 47 48 80 21 54 37 31 13 61 80 21 57 62 59 66 74 33 89 77 75 75 47 33 14 19 102 57 21 84 
12 45 28 33 64 54 57 60 10 25 0 33 43 57 46 44 55 20 69 43 48 14 31 9 25 59 59 24 26 31 56 51 25 34 14 56 40 25 37 14 41 31 27 18 30 56 24 48 14 40 19 48 23 52 35 24 58 44 43 13 41 29 60 57 36 47 46 49 48 51 32 64 53 56 52 41 55 33 8 79 42 21 59 
34 57 48 36 31 34 62 27 29 50 33 0 30 72 50 67 76 22 79 76 57 35 4 29 18 92 50 57 57 52 24 18 8 10 45 75 37 29 17 44 58 49 25 31 32 88 57 15 47 17 46 55 12 46 10 23 71 60 72 26 74 59 93 36 68 76 70 77 71 30 65 60 54 75 32 73 66 50 33 83 67 54 59 
34 35 68 63 42 12 36 40 33 67 43 30 0 49 24 53 59 45 54 82 83 33 34 45 19 91 19 60 55 40 30 34 28 19 57 55 65 19 47 57 81 70 16 27 58 82 58 34 57 14 61 82 24 16 40 19 47 83 65 30 81 72 89 15 79 67 57 68 55 11 68 30 27 56 10 70 92 72 48 55 55 61 29 
45 15 84 90 92 59 18 89 49 78 57 72 49 0 25 20 15 74 13 70 105 43 74 65 54 64 43 53 42 26 80 82 65 63 64 8 96 43 85 66 97 87 47 43 86 52 49 81 61 62 72 105 60 39 80 49 4 99 35 50 71 73 59 61 76 36 22 36 17 60 56 35 26 9 58 47 111 90 65 28 25 59 30 
33 12 74 75 66 33 12 65 36 71 46 50 24 25 0 34 36 58 30 75 94 31 53 53 33 77 21 53 45 26 55 58 44 40 58 32 80 23 65 59 88 77 26 28 71 66 50 58 56 38 65 93 39 15 59 29 23 90 48 35 74 70 73 36 75 50 37 51 34 34 60 19 6 32 32 56 101 80 53 34 37 57 13 
35 21 68 77 93 65 34 90 40 61 44 67 53 20 34 0 10 64 34 50 91 33 68 53 50 45 55 34 24 15 82 81 59 61 48 14 85 39 78 50 81 71 44 36 74 33 30 80 45 62 56 91 55 48 74 45 23 82 16 42 51 55 40 67 56 17 3 17 4 65 36 50 38 14 63 26 95 74 52 49 5 41 44 
45 24 79 88 100 69 33 97 50 72 55 76 59 15 36 10 0 74 27 59 101 43 77 64 58 49 57 45 34 25 89 89 68 69 59 7 95 47 88 61 91 82 52 45 85 37 40 88 55 69 67 101 63 51 83 53 19 93 22 52 60 65 44 72 66 22 10 21 6 70 46 50 39 6 68 34 106 85 62 43 15 51 44 
29 60 26 17 51 53 70 47 24 28 20 22 45 74 58 64 74 0 85 58 37 31 18 12 27 78 65 42 46 49 46 39 18 29 26 75 22 34 17 25 36 27 33 31 13 76 44 35 30 36 25 36 21 59 18 29 74 38 64 23 55 39 80 55 48 67 66 69 68 49 50 73 64 75 51 61 46 28 15 92 62 38 70 
56 24 96 101 96 61 18 94 60 91 69 79 54 13 30 34 27 85 0 84 118 54 82 77 62 76 42 67 56 39 84 88 73 70 77 20 107 51 94 79 110 99 55 53 97 64 63 88 74 68 85 117 68 40 88 57 11 112 49 61 85 87 71 62 89 49 36 49 30 63 70 31 27 21 60 60 124 102 77 16 39 73 27 
48 66 42 60 107 94 81 104 50 34 43 76 82 70 75 50 59 58 84 0 61 49 74 47 67 25 94 22 30 49 99 94 68 77 31 65 68 63 76 33 48 44 67 55 60 31 25 91 29 83 34 63 67 87 76 64 73 49 36 54 3 21 30 97 14 37 48 38 54 92 15 94 81 64 92 24 61 47 44 99 45 22 88 
61 93 22 20 81 90 105 77 58 30 48 57 83 105 94 91 101 37 118 61 0 63 52 41 64 86 102 59 68 79 79 70 55 66 42 104 22 70 43 40 13 19 70 65 25 90 62 66 46 73 34 2 58 97 49 66 107 13 85 58 58 42 91 93 47 87 91 89 95 86 63 110 100 104 89 77 10 16 40 127 87 51 106 
2 30 43 47 64 45 42 61 7 39 14 35 33 43 31 33 43 31 54 49 63 0 36 22 20 59 46 26 22 18 54 52 27 31 26 43 53 14 45 27 56 45 18 6 43 53 25 49 25 35 33 63 23 39 41 16 43 58 37 9 47 40 58 48 46 40 35 42 37 43 35 50 38 43 43 38 70 48 22 64 32 28 45 
34 59 44 32 34 38 65 29 29 46 31 4 34 74 53 68 77 18 82 74 52 36 0 26 20 91 54 55 56 53 28 21 9 14 42 77 32 31 13 41 54 45 27 32 27 87 56 17 45 21 43 51 14 49 6 25 73 56 72 26 71 56 92 40 65 76 71 77 72 34 64 64 57 77 37 72 62 46 30 87 68 52 62 
20 53 22 24 60 55 64 56 17 22 9 29 45 65 53 53 64 12 77 47 41 22 26 0 26 66 63 30 34 39 53 47 22 33 15 65 31 30 29 14 35 25 30 24 21 64 32 44 18 40 17 40 23 57 29 27 66 38 52 17 45 30 68 58 38 55 55 57 57 52 38 70 59 65 53 49 48 27 3 86 51 26 66 
20 39 49 44 44 29 45 40 16 48 25 18 19 54 33 50 58 27 62 67 64 20 20 26 0 79 38 46 43 34 33 31 11 11 39 57 48 11 32 39 61 51 7 15 40 73 44 29 39 15 43 63 6 32 26 5 53 64 57 13 65 54 79 32 61 60 53 61 53 26 54 46 38 57 27 59 73 53 29 67 50 45 43 
59 65 65 83 123 103 79 119 63 57 59 92 91 64 77 45 49 78 76 25 86 59 91 66 79 0 97 35 36 51 113 110 84 90 51 56 91 72 95 53 73 68 77 65 82 12 35 107 48 95 56 87 81 91 94 76 68 74 29 67 28 44 7 106 39 28 42 28 47 102 27 95 82 55 101 21 86 71 62 92 40 40 88 
48 33 86 82 56 20 25 55 48 84 59 50 19 43 21 55 57 65 42 94 102 46 54 63 38 97 0 72 64 46 45 50 48 39 72 51 85 33 67 73 99 88 32 41 78 87 69 52 71 33 78 101 44 7 60 36 40 101 69 46 93 86 94 21 92 71 58 72 55 23 79 13 17 52 20 77 110 90 65 39 58 74 15 
26 46 36 50 88 72 61 84 29 28 24 57 60 53 53 34 45 42 67 22 59 26 55 30 46 35 72 0 10 29 79 75 48 56 18 49 58 41 60 20 47 39 45 33 49 33 4 72 14 61 25 59 46 65 59 43 56 49 25 33 21 20 37 75 22 28 34 30 39 70 8 73 60 48 70 19 62 42 27 80 30 7 67 
23 36 45 57 86 67 51 83 27 38 26 57 55 42 45 24 34 46 56 30 68 22 56 34 43 36 64 10 0 19 77 74 48 54 25 38 65 36 63 27 57 48 40 28 55 30 6 71 21 58 33 68 45 57 60 39 45 59 18 31 29 31 36 70 33 21 24 23 28 65 15 64 51 38 65 16 71 51 32 70 19 17 58 
20 17 57 64 78 52 31 75 25 51 31 52 40 26 26 15 25 49 39 49 79 18 53 39 34 51 46 29 19 0 67 66 44 46 38 25 71 24 63 39 70 60 29 20 61 42 25 64 35 48 46 79 39 39 58 29 28 72 24 27 49 48 49 55 51 27 18 28 19 51 34 45 32 25 50 31 84 63 39 51 15 34 39 
53 66 72 59 11 25 66 10 50 74 56 24 30 80 55 82 89 46 84 99 79 54 28 53 33 113 45 79 77 67 0 8 31 22 69 86 57 42 35 68 82 73 37 48 55 107 78 12 70 19 70 77 32 45 30 38 78 84 90 46 97 83 113 25 92 93 85 95 84 22 87 58 57 86 25 93 89 74 57 84 83 77 59 
51 67 65 51 13 31 70 9 46 68 51 18 34 82 58 81 89 39 88 94 70 52 21 47 31 110 50 75 74 66 8 0 26 20 63 87 49 42 27 62 74 65 37 46 47 104 75 4 65 20 64 68 29 49 22 36 80 76 89 43 92 77 110 31 86 92 84 93 84 27 83 63 61 87 30 90 80 66 51 88 82 72 63 
25 50 43 34 39 35 57 35 21 44 25 8 28 65 44 59 68 18 73 68 55 27 9 22 11 84 48 48 48 44 31 26 0 11 37 68 37 22 20 37 54 44 18 23 30 79 48 23 39 18 39 54 5 43 15 16 64 56 64 17 66 52 84 37 60 67 62 69 63 31 57 57 50 68 33 64 64 46 25 79 59 46 55 
31 48 54 45 32 24 52 29 27 55 34 10 19 63 40 61 69 29 70 77 66 31 14 33 11 90 39 56 54 46 22 20 11 0 47 67 47 21 27 47 65 55 16 26 41 84 55 18 48 7 50 64 10 35 20 16 62 67 68 23 75 62 90 26 70 71 64 73 64 20 65 50 44 67 22 70 75 57 36 73 61 55 48 
24 54 19 32 76 68 68 72 24 13 14 45 57 64 58 48 59 26 77 31 42 26 42 15 39 51 72 18 25 38 69 63 37 47 0 62 40 38 44 2 32 22 41 31 31 51 21 60 4 53 8 42 37 65 44 38 66 34 43 27 29 15 54 71 23 46 49 48 53 65 24 76 64 62 66 37 46 26 12 89 44 11 72 
45 20 82 90 97 65 26 95 50 76 56 75 55 8 32 14 7 75 20 65 104 43 77 65 57 56 51 49 38 25 86 87 68 67 62 0 97 46 88 64 95 85 50 45 87 44 45 86 59 67 70 104 63 46 83 52 12 97 29 52 65 70 51 68 71 29 16 28 10 66 51 43 33 1 64 40 109 88 64 36 20 56 38 
51 82 27 8 59 71 92 55 46 34 40 37 65 96 80 85 95 22 107 68 22 53 32 31 48 91 85 58 65 71 57 49 37 47 40 97 0 56 21 38 29 25 55 53 10 92 61 45 44 54 35 20 41 80 28 51 96 30 83 46 65 47 94 73 55 86 86 88 89 67 65 95 86 96 69 78 32 24 33 114 82 52 92 
15 28 52 51 53 31 36 50 14 50 25 29 19 43 23 39 47 34 51 63 70 14 31 30 11 72 33 41 36 24 42 42 22 21 38 46 56 0 42 39 66 55 5 8 47 65 39 40 38 23 44 70 17 27 37 6 42 68 48 12 61 53 71 34 60 50 42 52 42 29 49 40 29 46 29 51 78 57 31 58 40 42 36 
43 71 40 24 38 51 78 34 38 44 37 17 47 85 65 78 88 17 94 76 43 45 13 29 32 95 67 60 63 63 35 27 20 27 44 88 21 42 0 43 47 40 39 43 20 93 61 23 47 33 42 41 25 62 7 37 85 49 80 36 73 56 97 52 65 83 80 85 82 46 68 77 70 88 49 78 53 40 33 99 77 55 75 
25 55 17 30 75 68 69 71 24 12 14 44 57 66 59 50 61 25 79 33 40 27 41 14 39 53 73 20 27 39 68 62 37 47 2 64 38 39 43 0 30 21 41 31 29 53 23 59 6 53 6 40 36 66 43 38 68 32 45 27 30 15 56 71 23 48 51 50 55 65 26 77 65 64 66 39 44 24 11 90 46 13 72 
54 86 13 23 85 89 99 81 52 19 41 58 81 97 88 81 91 36 110 48 13 56 54 35 61 73 99 47 57 70 82 74 54 65 32 95 29 66 47 30 0 10 66 60 27 77 51 70 35 73 24 15 56 93 52 63 98 2 73 53 45 29 78 92 34 76 81 78 85 86 50 105 94 94 87 65 14 8 34 120 76 40 101 
43 75 3 17 77 79 88 73 41 11 31 49 70 87 77 71 82 27 99 44 19 45 45 25 51 68 88 39 48 60 73 65 44 55 22 85 25 55 40 21 10 0 55 49 20 71 43 61 26 62 14 20 46 82 43 52 88 13 65 42 41 23 72 82 30 68 72 70 76 75 44 95 84 85 77 58 24 3 23 110 67 32 90 
18 32 53 50 48 27 38 45 17 51 27 25 16 47 26 44 52 33 55 67 70 18 27 30 7 77 32 45 40 29 37 37 18 16 41 50 55 5 39 41 66 55 0 12 46 70 43 35 41 18 46 69 13 26 33 3 46 68 53 14 65 56 76 30 63 55 47 57 47 25 53 40 31 50 25 56 78 58 32 60 45 45 37 
7 29 46 48 59 39 39 55 7 43 18 31 27 43 28 36 45 31 53 55 65 6 32 24 15 65 41 33 28 20 48 46 23 26 31 45 53 8 43 31 60 49 12 0 44 58 31 44 30 29 37 65 18 34 38 10 43 62 42 7 53 45 64 42 52 45 38 46 39 37 41 46 34 45 37 44 72 51 25 62 35 34 41 
41 73 20 4 58 65 83 54 37 26 30 32 58 86 71 74 85 13 97 60 25 43 27 21 40 82 78 49 55 61 55 47 30 41 31 87 10 47 20 29 27 20 46 44 0 82 51 43 35 48 26 23 34 72 25 43 87 29 73 36 57 40 85 68 48 76 76 78 79 61 55 86 77 86 63 68 34 19 23 105 72 43 83 
53 54 68 83 117 94 67 114 58 60 56 88 82 52 66 33 37 76 64 31 90 53 87 64 73 12 87 33 30 42 107 104 79 84 51 44 92 65 93 53 77 71 70 58 82 0 31 102 47 88 57 91 76 81 91 69 56 78 18 61 33 48 7 97 44 16 30 16 35 94 27 83 71 43 93 14 90 74 61 80 29 39 77 
25 42 40 53 87 70 57 84 28 32 24 57 58 49 50 30 40 44 63 25 62 25 56 32 44 35 69 4 6 25 78 75 48 55 21 45 61 39 61 23 51 43 43 31 51 31 0 72 17 60 28 63 46 62 59 41 51 53 22 32 24 24 36 73 26 25 30 27 34 68 10 69 56 44 68 17 65 46 29 76 25 11 64 
48 66 61 47 16 33 70 12 44 64 48 15 34 81 58 80 88 35 88 91 66 49 17 44 29 107 52 72 71 64 12 4 23 18 60 86 45 40 23 59 70 61 35 44 43 102 72 0 62 20 60 64 26 50 18 34 80 72 86 40 89 74 107 33 82 89 83 91 83 29 80 64 61 86 32 87 76 62 47 89 80 69 64 
23 52 23 36 78 68 65 74 24 16 14 47 57 61 56 45 55 30 74 29 46 25 45 18 39 48 71 14 21 35 70 65 39 48 4 59 44 38 47 6 35 26 41 30 35 47 17 62 0 54 11 46 38 64 47 38 63 37 39 27 26 15 50 71 22 42 45 44 49 65 21 75 63 58 66 33 50 29 14 86 41 8 70 
35 47 61 52 30 17 50 27 32 62 40 17 14 62 38 62 69 36 68 83 73 35 21 40 15 95 33 61 58 48 19 20 18 7 53 67 54 23 33 53 73 62 18 29 48 88 60 20 54 0 57 72 17 30 26 19 60 75 71 28 80 69 94 19 76 74 66 75 65 13 70 45 41 67 15 74 82 64 43 69 63 60 44 
31 62 11 26 77 72 75 73 30 5 19 46 61 72 65 56 67 25 85 34 34 33 43 17 43 56 78 25 33 46 70 64 39 50 8 70 35 44 42 6 24 14 46 37 26 57 28 60 11 57 0 34 40 71 43 42 74 26 50 32 31 14 59 75 22 53 57 55 61 69 30 83 71 70 70 44 38 18 14 97 52 18 78 
61 93 23 19 79 89 105 75 57 31 48 55 82 105 93 91 101 36 117 63 2 63 51 40 63 87 101 59 68 79 77 68 54 64 42 104 20 70 41 40 15 20 69 65 23 91 63 64 46 72 34 0 57 96 47 65 106 15 85 58 60 43 92 91 49 88 92 90 95 85 64 109 99 104 87 78 12 17 40 127 87 52 106 
22 45 44 38 41 32 52 38 17 45 23 12 24 60 39 55 63 21 68 67 58 23 14 23 6 81 44 46 45 39 32 29 5 10 37 63 41 17 25 36 56 46 13 18 34 76 46 26 38 17 40 57 0 38 20 11 59 59 60 14 64 52 81 35 60 63 57 65 58 29 55 53 45 63 31 61 67 48 26 74 54 44 50 
41 27 80 77 56 20 22 55 41 77 52 46 16 39 15 48 51 59 40 87 97 39 49 57 32 91 7 65 57 39 45 49 43 35 65 46 80 27 62 66 93 82 26 34 72 81 62 50 64 30 71 96 38 0 56 30 36 95 62 39 86 79 88 22 85 64 52 65 49 23 72 14 13 47 20 70 105 84 59 39 52 67 14 
39 65 43 29 33 44 72 29 34 47 35 10 40 80 59 74 83 18 88 76 49 41 6 29 26 94 60 59 60 58 30 22 15 20 44 83 28 37 7 43 52 43 33 38 25 91 59 18 47 26 43 47 20 56 0 31 79 54 77 31 73 57 95 45 66 80 76 82 77 39 67 70 64 83 42 76 59 44 32 93 73 55 68 
16 34 50 47 48 30 41 45 14 48 24 23 19 49 29 45 53 29 57 64 66 16 25 27 5 76 36 43 39 29 38 36 16 16 38 52 51 6 37 38 63 52 3 10 43 69 41 34 38 19 42 65 11 30 31 0 48 65 52 11 63 53 75 33 60 55 48 57 48 27 51 43 34 52 28 55 74 54 29 63 45 42 40 
46 14 85 90 89 56 14 88 50 80 58 71 47 4 23 23 19 74 11 73 107 43 73 66 53 68 40 56 45 28 78 80 64 62 66 12 96 42 85 68 98 88 46 43 87 56 51 80 63 60 74 106 59 36 79 48 0 100 39 50 74 76 63 58 78 40 26 40 21 57 59 31 23 13 55 50 112 91 66 25 29 61 26 
56 88 15 25 87 92 101 83 54 21 44 60 83 99 90 82 93 38 112 49 13 58 56 38 64 74 101 49 59 72 84 76 56 67 34 97 30 68 49 32 2 13 68 62 29 78 53 72 37 75 26 15 59 95 54 65 100 0 75 55 46 30 79 94 35 77 83 79 87 88 52 108 97 96 90 66 12 10 36 123 78 42 103 
38 36 62 75 101 76 50 98 43 54 43 72 65 35 48 16 22 64 49 36 85 37 72 52 57 29 69 25 18 24 90 89 64 68 43 29 83 48 80 45 73 65 53 42 73 18 22 86 39 71 50 85 60 62 77 52 39 75 0 46 37 45 25 79 45 3 13 5 18 76 24 65 53 28 75 11 87 68 50 64 11 33 59 
8 36 40 40 55 41 47 52 3 37 13 26 30 50 35 42 52 23 61 54 58 9 26 17 13 67 46 33 31 27 46 43 17 23 27 52 46 12 36 27 53 42 14 7 36 61 32 40 27 28 32 58 14 39 31 11 50 55 46 0 52 42 67 44 49 49 44 51 46 38 41 52 41 52 39 47 66 45 19 69 41 32 48 
46 66 39 57 105 92 81 101 49 31 41 74 81 71 74 51 60 55 85 3 58 47 71 45 65 28 93 21 29 49 97 92 66 75 29 65 65 61 73 30 45 41 65 53 57 33 24 89 26 80 31 60 64 86 73 63 74 46 37 52 0 17 33 96 11 38 49 40 54 90 14 94 81 64 91 26 58 43 41 99 45 20 88 
38 65 21 39 90 83 79 86 39 13 29 59 72 73 70 55 65 39 87 21 42 40 56 30 54 44 86 20 31 48 83 77 52 62 15 70 47 53 56 15 29 23 56 45 40 48 24 74 15 69 14 43 52 79 57 53 76 30 45 42 17 0 49 86 8 47 55 49 59 80 21 90 77 69 81 36 42 26 26 100 50 14 84 
59 61 69 86 123 101 74 119 63 61 60 93 89 59 73 40 44 80 71 30 91 58 92 68 79 7 94 37 36 49 113 110 84 90 54 51 94 71 97 56 78 72 76 64 85 7 36 107 50 94 59 92 81 88 95 75 63 79 25 67 33 49 0 104 44 23 37 23 42 100 29 91 78 50 99 19 91 75 64 87 36 42 84 
49 48 80 72 35 3 44 34 47 80 57 36 15 61 36 67 72 55 62 97 93 48 40 58 32 106 21 75 70 55 25 31 37 26 71 68 73 34 52 71 92 82 30 42 68 97 73 33 71 19 75 91 35 22 45 33 58 94 79 44 96 86 104 0 93 82 71 83 69 6 83 34 35 68 5 85 102 83 61 60 70 76 35 
45 69 28 47 99 90 83 95 46 21 36 68 79 76 75 56 66 48 89 14 47 46 65 38 61 39 92 22 33 51 92 86 60 70 23 71 55 60 65 23 34 30 63 52 48 44 26 82 22 76 22 49 60 85 66 60 78 35 45 49 11 8 44 93 0 46 55 48 60 87 20 95 82 70 88 34 47 33 34 103 51 18 89 
41 38 65 78 104 79 51 101 46 57 47 76 67 36 50 17 22 67 49 37 87 40 76 55 60 28 71 28 21 27 93 92 67 71 46 29 86 50 83 48 76 68 55 45 76 16 25 89 42 74 53 88 63 64 80 55 40 77 3 49 38 47 23 82 46 0 14 2 19 78 26 67 55 28 77 12 90 71 53 65 12 35 61 
37 25 69 79 96 68 37 93 42 62 46 70 57 22 37 3 10 66 36 48 91 35 71 55 53 42 58 34 24 18 85 84 62 64 49 16 86 42 80 51 81 72 47 38 76 30 30 83 45 66 57 92 57 52 76 48 26 83 13 44 49 55 37 71 55 14 0 14 5 68 35 53 41 15 67 24 95 75 53 51 4 41 47 
43 38 67 80 105 80 51 102 48 59 49 77 68 36 51 17 21 69 49 38 89 42 77 57 61 28 72 30 23 28 95 93 69 73 48 28 88 52 85 50 78 70 57 46 78 16 27 91 44 75 55 90 65 65 82 57 40 79 5 51 40 49 23 83 48 2 14 0 19 80 28 67 55 27 79 14 92 73 55 64 13 37 61 
39 21 72 82 95 66 32 93 44 66 48 71 55 17 34 4 6 68 30 54 95 37 72 57 53 47 55 39 28 19 84 84 63 64 53 10 89 42 82 55 85 76 47 39 79 35 34 83 49 65 61 95 58 49 77 48 21 87 18 46 54 59 42 69 60 19 5 19 0 66 40 49 38 10 65 30 99 79 56 46 9 45 43 
43 46 74 66 33 4 45 32 41 74 51 30 11 60 34 65 70 49 63 92 86 43 34 52 26 102 23 70 65 51 22 27 31 20 65 66 67 29 46 65 86 75 25 37 61 94 68 29 65 13 69 85 29 23 39 27 57 88 76 38 90 80 100 6 87 78 68 80 66 0 78 36 35 67 3 81 96 77 55 62 67 70 37 
34 51 41 56 96 80 66 93 38 33 32 65 68 56 60 36 46 50 70 15 63 35 64 38 54 27 79 8 15 34 87 83 57 65 24 51 65 49 68 26 50 44 53 41 55 27 10 80 21 70 30 64 55 72 67 51 59 52 24 41 14 21 29 83 20 26 35 28 40 78 0 79 66 50 78 14 64 47 35 84 31 13 73 
52 29 92 91 69 33 17 68 53 89 64 60 30 35 19 50 50 73 31 94 110 50 64 70 46 95 13 73 64 45 58 63 57 50 76 43 95 40 77 77 105 95 40 46 86 83 69 64 75 45 83 109 53 14 70 43 31 108 65 52 94 90 91 34 95 67 53 67 49 36 79 0 13 44 33 75 118 97 71 26 54 76 6 
40 16 81 81 68 33 9 67 42 77 53 54 27 26 6 38 39 64 27 81 100 38 57 59 38 82 17 60 51 32 57 61 50 44 64 33 86 29 70 65 94 84 31 34 77 71 56 61 63 41 71 99 45 13 64 34 23 97 53 41 81 77 78 35 82 55 41 55 38 35 66 13 0 34 33 62 107 86 60 29 42 64 7 
45 20 81 89 97 66 27 95 50 75 56 75 56 9 32 14 6 75 21 64 104 43 77 65 57 55 52 48 38 25 86 87 68 67 62 1 96 46 88 64 94 85 50 45 86 43 44 86 58 67 70 104 63 47 83 52 13 96 28 52 64 69 50 68 70 28 15 27 10 67 50 44 34 0 65 39 108 88 64 37 19 55 39 
44 44 75 68 36 2 42 35 42 75 52 32 10 58 32 63 68 51 60 92 89 43 37 53 27 101 20 70 65 50 25 30 33 22 66 64 69 29 49 66 87 77 25 37 63 93 68 32 66 15 70 87 31 20 42 28 55 90 75 39 91 81 99 5 88 77 67 79 65 3 78 33 33 65 0 80 98 79 56 59 65 71 34 
39 46 55 69 103 82 60 99 43 47 41 73 70 47 56 26 34 61 60 24 77 38 72 49 59 21 77 19 16 31 93 90 64 70 37 40 78 51 78 39 65 58 56 44 68 14 17 87 33 74 44 78 61 70 76 55 50 66 11 47 26 36 19 85 34 12 24 14 30 81 14 75 62 39 80 0 79 61 46 75 21 26 69 
67 100 27 30 91 99 112 87 65 33 55 66 92 111 101 95 106 46 124 61 10 70 62 48 73 86 110 62 71 84 89 80 64 75 46 109 32 78 53 44 14 24 78 72 34 90 65 76 50 82 38 12 67 105 59 74 112 12 87 66 58 42 91 102 47 90 95 92 99 96 64 118 107 108 98 79 0 21 47 134 91 54 114 
46 78 6 17 78 81 91 73 44 14 33 50 72 90 80 74 85 28 102 47 16 48 46 27 53 71 90 42 51 63 74 66 46 57 26 88 24 57 40 24 8 3 58 51 19 74 46 62 29 64 18 17 48 84 44 54 91 10 68 45 43 26 75 83 33 71 75 73 79 77 47 97 86 88 79 61 21 0 26 113 70 35 93 
20 53 21 25 64 58 65 60 17 19 8 33 48 65 53 52 62 15 77 44 40 22 30 3 29 62 65 27 32 39 57 51 25 36 12 64 33 31 33 11 34 23 32 25 23 61 29 47 14 43 14 40 26 59 32 29 66 36 50 19 41 26 64 61 34 53 53 55 56 55 35 71 60 64 56 46 47 26 0 87 49 22 67 
66 34 107 109 95 59 22 94 69 102 79 83 55 28 34 49 43 92 16 99 127 64 87 86 67 92 39 80 70 51 84 88 79 73 89 36 114 58 99 90 120 110 60 62 105 80 76 89 86 69 97 127 74 39 93 63 25 123 64 69 99 100 87 60 103 65 51 64 46 62 84 26 29 37 59 75 134 113 87 0 54 85 25 
33 25 64 74 94 67 39 91 38 57 42 67 55 25 37 5 15 62 39 45 87 32 68 51 50 40 58 30 19 15 83 82 59 61 44 20 82 40 77 46 76 67 45 35 72 29 25 80 41 63 52 87 54 52 73 45 29 78 11 41 45 50 36 70 51 12 4 13 9 67 31 54 42 19 65 21 91 70 49 54 0 36 48 
27 51 29 43 85 72 65 81 28 21 21 54 61 59 57 41 51 38 73 22 51 28 52 26 45 40 74 7 17 34 77 72 46 55 11 56 52 42 55 13 40 32 45 34 43 39 11 69 8 60 18 52 44 67 55 42 61 42 33 32 20 14 42 76 18 35 41 37 45 70 13 76 64 55 71 26 54 35 22 85 36 0 71 
47 23 88 87 70 34 11 69 49 84 59 59 29 30 13 44 44 70 27 88 106 45 62 66 43 88 15 67 58 39 59 63 55 48 72 38 92 36 75 72 101 90 37 41 83 77 64 64 70 44 78 106 50 14 68 40 26 103 59 48 88 84 84 35 89 61 47 61 43 37 73 6 7 39 34 69 114 93 67 25 48 71 0 
