18 17 7
8 8 16 6 18 7 22 9 14 13 23 12 23 17 9 9 5 
32 26 31 25 32 27 26 
0 44 37 29 18 57 57 42 24 23 39 33 16 51 27 47 15 35 55 62 33 39 59 28 44 49 31 25 6 41 50 33 49 54 49 55 31 49 42 11 57 6 44 25 50 5 16 29 49 58 58 47 30 46 22 39 48 57 30 56 20 40 31 44 37 65 44 51 46 12 36 
44 0 80 24 61 99 14 75 65 65 77 77 49 94 67 67 55 37 99 106 26 75 80 47 84 38 15 60 50 31 18 48 80 99 14 99 63 20 59 34 71 47 84 60 85 41 51 19 93 53 81 73 74 85 49 18 69 88 67 96 64 75 66 88 72 108 87 95 61 48 71 
37 80 0 66 28 19 94 23 14 14 13 15 44 14 37 70 37 70 21 25 61 46 78 41 43 71 68 23 32 66 88 64 29 23 81 19 26 79 69 46 54 38 41 45 25 42 42 62 25 72 75 64 11 15 51 77 42 66 41 18 17 19 20 29 19 28 30 29 48 32 47 
29 24 66 0 42 86 32 69 53 52 68 60 27 80 45 43 34 14 82 91 34 51 56 47 61 52 10 52 34 43 22 24 75 82 36 83 57 40 35 24 76 29 61 37 78 24 30 25 74 66 57 48 58 75 25 10 70 64 45 85 49 68 58 68 65 93 67 76 64 38 47 
18 61 28 42 0 46 73 42 21 17 36 17 17 40 12 42 8 43 40 50 51 24 52 41 27 66 47 29 12 58 64 36 49 39 67 41 35 67 41 29 66 14 27 17 49 20 14 47 32 73 50 39 18 42 23 53 55 45 16 47 12 39 32 26 37 51 26 34 56 24 23 
57 99 19 86 46 0 113 33 33 34 25 29 63 5 52 85 55 89 14 8 79 60 92 58 53 87 88 41 52 83 107 82 35 18 100 10 41 97 85 65 64 57 51 61 28 62 60 81 28 85 89 79 28 20 70 96 53 77 56 7 37 30 35 36 32 12 37 31 61 51 62 
57 14 94 32 73 113 0 90 79 79 92 90 59 108 77 72 66 42 112 119 41 84 84 62 93 51 26 74 63 44 13 54 95 112 24 112 77 31 64 48 85 59 94 69 99 53 62 34 105 66 85 79 87 99 57 22 84 95 77 111 77 90 81 99 87 122 99 107 75 62 79 
42 75 23 69 42 33 90 0 21 25 9 36 55 30 54 85 49 77 41 41 51 65 95 29 64 55 67 17 40 53 87 75 7 44 72 39 12 68 82 45 32 46 63 59 9 47 53 56 49 52 93 81 31 13 62 77 20 86 58 26 30 3 11 52 5 45 53 52 28 30 65 
24 65 14 53 21 33 79 21 0 3 16 18 35 28 33 63 28 58 34 40 47 44 73 29 44 58 54 11 20 52 74 55 28 35 67 34 16 65 61 31 48 26 43 38 28 29 33 47 35 60 71 60 13 22 42 63 36 65 37 31 8 18 12 35 16 43 35 38 39 18 44 
23 65 14 52 17 34 79 25 3 0 19 16 32 29 29 60 25 56 34 40 48 41 70 31 41 60 53 14 18 53 73 52 32 34 67 33 20 65 58 31 51 24 39 34 31 27 30 47 33 63 68 56 11 25 39 62 39 61 33 33 5 22 15 32 19 43 32 36 42 18 40 
39 77 13 68 36 25 92 9 16 19 0 27 51 21 47 79 44 74 32 32 55 58 88 34 56 62 68 17 36 59 88 71 15 34 76 30 16 73 77 45 41 42 54 53 12 44 49 58 39 61 86 75 22 7 58 77 29 78 51 19 24 6 11 43 7 36 43 43 37 30 58 
33 77 15 60 17 29 90 36 18 16 27 0 34 24 23 56 26 60 22 32 62 31 63 47 28 76 64 30 26 69 82 53 43 22 81 23 35 80 56 43 66 31 26 32 39 36 31 61 17 79 60 50 5 30 40 70 54 51 27 32 14 33 30 16 31 33 17 20 58 33 33 
16 49 44 27 17 63 59 55 35 32 51 34 0 57 18 31 8 26 57 67 46 26 43 44 34 64 34 39 15 55 49 20 62 56 58 58 45 59 27 24 73 10 34 11 63 13 2 40 47 74 42 31 34 57 7 38 63 42 18 63 27 53 44 40 50 68 39 48 62 28 22 
51 94 14 80 40 5 108 30 28 29 21 24 57 0 47 80 49 83 13 12 74 55 87 54 49 83 82 36 46 78 102 77 33 16 95 9 37 92 80 60 61 52 47 56 26 56 55 76 25 82 84 74 22 17 64 91 50 72 51 8 31 27 31 32 28 15 33 28 58 46 57 
27 67 37 45 12 52 77 54 33 29 47 23 18 47 0 33 13 41 43 54 61 12 41 53 17 77 52 41 22 69 67 32 61 41 75 45 48 76 33 38 79 22 17 10 60 28 15 56 31 85 38 27 26 52 21 56 68 32 4 55 24 51 44 23 49 55 22 31 69 36 11 
47 67 70 43 42 85 72 85 63 60 79 56 31 80 33 0 36 30 75 86 74 26 13 76 36 92 53 70 46 82 59 19 92 72 79 77 76 83 8 53 104 41 38 25 91 44 32 65 61 103 13 9 59 84 25 50 95 24 29 88 55 82 74 52 79 86 51 60 94 60 23 
15 55 37 34 8 55 66 49 28 25 44 26 8 49 13 36 0 34 49 59 48 23 47 42 30 65 40 34 11 56 56 27 56 48 62 50 40 63 33 25 70 9 30 11 56 15 5 43 40 73 45 33 26 50 14 45 59 43 14 56 20 46 38 33 43 60 33 41 59 25 21 
35 37 70 14 43 89 42 77 58 56 74 60 26 83 41 30 34 0 83 93 49 44 42 58 55 67 25 60 38 57 29 12 84 82 50 84 66 55 22 34 88 32 56 32 85 30 28 39 72 80 43 37 60 81 20 20 81 53 40 89 52 75 66 65 72 94 64 73 76 47 40 
55 99 21 82 40 14 112 41 34 34 32 22 57 13 43 75 49 83 0 12 81 48 80 62 41 92 86 44 49 87 104 75 45 3 101 3 47 99 76 64 73 53 39 53 39 58 54 81 15 93 77 67 24 30 62 93 62 64 46 21 34 38 41 24 39 11 25 17 69 52 51 
62 106 25 91 50 8 119 41 40 40 32 32 67 12 54 86 59 93 12 0 86 60 92 66 53 95 94 48 57 91 113 85 43 15 107 9 49 104 87 71 72 62 51 64 36 67 64 87 27 93 89 79 32 28 73 101 61 76 58 15 42 38 43 36 39 4 37 29 69 58 63 
33 26 61 34 51 79 41 51 47 48 55 62 46 74 61 74 48 49 81 86 0 71 87 22 78 18 26 38 39 8 43 55 55 82 21 81 39 17 67 22 45 39 77 57 60 33 47 9 80 31 87 76 58 62 49 37 43 89 63 75 48 52 44 77 49 89 77 82 34 29 68 
39 75 46 51 24 60 84 65 44 41 58 31 26 55 12 26 23 44 48 60 71 0 32 65 10 88 60 53 34 80 72 33 72 46 84 51 60 85 30 49 91 32 12 15 70 38 24 65 34 97 29 19 36 62 26 62 80 20 8 63 35 62 56 25 60 60 24 33 81 48 4 
59 80 78 56 52 92 84 95 73 70 88 63 43 87 41 13 47 42 80 92 87 32 0 88 39 105 66 80 57 95 70 32 102 77 92 83 87 96 20 66 116 53 41 35 101 56 43 78 65 116 3 13 67 93 38 63 106 20 37 95 64 92 85 56 89 91 55 64 106 71 30 
28 47 41 47 41 58 62 29 29 31 34 47 44 54 53 76 42 58 62 66 22 65 88 0 68 29 42 18 31 25 61 60 33 64 43 61 17 39 70 24 29 34 68 53 38 31 44 28 64 32 87 75 42 40 50 53 23 85 56 53 33 30 22 63 27 69 63 67 18 17 63 
44 84 43 61 27 53 93 64 44 41 56 28 34 49 17 36 30 55 41 53 78 10 39 68 0 94 69 55 39 85 82 43 71 38 92 44 61 93 40 55 92 39 2 24 68 45 32 73 26 101 36 28 33 59 36 71 80 23 16 57 36 61 56 17 59 52 16 24 83 52 15 
49 38 71 52 66 87 51 55 58 60 62 76 64 83 77 92 65 67 92 95 18 88 105 29 94 0 43 47 55 9 56 74 57 93 27 91 46 20 85 40 38 56 93 75 64 50 65 27 93 15 105 94 71 68 67 53 41 107 80 82 62 57 51 91 55 98 91 96 31 43 86 
31 15 68 10 47 88 26 67 54 53 68 64 34 82 52 53 40 25 86 94 26 60 66 42 69 43 0 51 37 34 20 34 73 86 26 86 55 30 46 23 70 33 69 45 76 27 37 16 79 57 67 58 61 75 34 11 65 73 52 86 51 67 57 73 63 96 73 81 59 37 56 
25 60 23 52 29 41 74 17 11 14 17 30 39 36 41 70 34 60 44 48 38 53 80 18 55 47 51 0 23 42 71 58 24 46 59 43 6 56 66 28 37 29 53 45 26 30 37 41 46 49 79 67 24 24 46 60 26 74 45 37 18 16 6 46 13 51 47 49 28 13 52 
6 50 32 34 12 52 63 40 20 18 36 26 15 46 22 46 11 38 49 57 39 34 57 31 39 55 37 23 0 46 55 35 47 48 55 49 30 55 42 17 58 6 38 22 48 9 14 35 43 62 56 45 24 43 22 44 48 54 25 51 15 38 29 38 35 59 38 45 48 14 32 
41 31 66 43 58 83 44 53 52 53 59 69 55 78 69 82 56 57 87 91 8 80 95 25 85 9 34 42 46 0 48 64 56 88 21 86 42 15 75 31 41 47 85 65 62 41 56 17 86 23 95 85 64 65 58 44 41 97 71 78 55 54 47 84 52 94 84 89 32 36 76 
50 18 88 22 64 107 13 87 74 73 88 82 49 102 67 59 56 29 104 113 43 72 70 61 82 56 20 71 55 48 0 41 93 104 31 105 75 38 51 43 88 50 83 58 97 45 52 34 96 71 72 66 80 95 46 11 84 82 66 106 70 87 77 90 84 115 89 98 77 57 68 
33 48 64 24 36 82 54 75 55 52 71 53 20 77 32 19 27 12 75 85 55 33 32 60 43 74 34 58 35 64 41 0 82 73 60 76 64 64 11 37 90 29 45 22 83 29 22 47 63 86 32 25 54 77 13 32 81 41 29 83 47 73 64 55 70 86 54 63 79 46 28 
49 80 29 75 49 35 95 7 28 32 15 43 62 33 61 92 56 84 45 43 55 72 102 33 71 57 73 24 47 56 93 82 0 48 76 43 18 72 89 51 29 53 69 67 7 54 61 60 54 52 100 88 37 15 69 83 18 93 65 28 37 10 18 58 12 47 59 58 27 37 72 
54 99 23 82 39 18 112 44 35 34 34 22 56 16 41 72 48 82 3 15 82 46 77 64 38 93 86 46 48 88 104 73 48 0 102 7 49 100 74 64 76 53 36 51 42 58 53 82 12 95 74 65 24 33 61 92 64 61 44 24 34 41 43 21 41 14 22 14 71 53 49 
49 14 81 36 67 100 24 72 67 67 76 81 58 95 75 79 62 50 101 107 21 84 92 43 92 27 26 59 55 21 31 60 76 102 0 101 60 7 72 38 63 53 92 69 82 47 60 19 98 42 93 84 77 83 58 31 63 99 76 96 67 73 65 93 70 110 93 100 54 49 80 
55 99 19 83 41 10 112 39 34 33 30 23 58 9 45 77 50 84 3 9 81 51 83 61 44 91 86 43 49 86 105 76 43 7 101 0 45 99 78 64 71 54 42 55 36 59 55 81 18 91 80 70 24 27 64 94 59 67 49 17 34 36 39 27 37 10 28 21 67 51 53 
31 63 26 57 35 41 77 12 16 20 16 35 45 37 48 76 40 66 47 49 39 60 87 17 61 46 55 6 30 42 75 64 18 49 60 45 0 57 73 32 31 35 59 51 21 36 44 43 50 46 85 74 29 23 52 65 19 80 52 36 24 12 6 51 10 52 52 54 23 19 59 
49 20 79 40 67 97 31 68 65 65 73 80 59 92 76 83 63 55 99 104 17 85 96 39 93 20 30 56 55 15 38 64 72 100 7 99 57 0 76 38 57 54 93 71 77 48 61 20 97 35 97 87 76 80 61 37 57 101 77 93 66 69 62 93 67 107 93 99 48 47 82 
42 59 69 35 41 85 64 82 61 58 77 56 27 80 33 8 33 22 76 87 67 30 20 70 40 85 46 66 42 75 51 11 89 74 72 78 73 76 0 47 100 37 42 24 89 38 28 58 63 97 21 15 58 83 20 42 91 32 29 87 53 79 71 54 77 88 53 63 89 55 26 
11 34 46 24 29 65 48 45 31 31 45 43 24 60 38 53 25 34 64 71 22 49 66 24 55 40 23 28 17 31 43 37 51 64 38 64 32 38 47 0 53 16 55 34 54 10 25 18 60 50 65 55 40 52 28 32 46 67 40 63 30 44 34 55 41 74 55 62 42 14 45 
57 71 54 76 66 64 85 32 48 51 41 66 73 61 79 104 70 88 73 72 45 91 116 29 92 38 70 37 58 41 88 90 29 76 63 71 31 57 100 53 0 63 91 81 36 61 72 54 80 27 115 103 60 44 79 81 12 111 82 57 56 35 36 82 35 76 83 84 11 44 89 
6 47 38 29 14 57 59 46 26 24 42 31 10 52 22 41 9 32 53 62 39 32 53 34 39 56 33 29 6 47 50 29 53 53 53 54 35 54 37 16 63 0 39 19 54 6 9 34 46 64 52 41 29 49 16 39 53 51 24 57 20 44 35 41 41 64 40 48 52 18 29 
44 84 41 61 27 51 94 63 43 39 54 26 34 47 17 38 30 56 39 51 77 12 41 68 2 93 69 53 38 85 83 45 69 36 92 42 59 93 42 55 91 39 0 24 66 45 32 73 24 100 38 30 32 57 36 72 79 25 16 56 35 59 55 15 58 50 14 22 82 51 16 
25 60 45 37 17 61 69 59 38 34 53 32 11 56 10 25 11 32 53 64 57 15 35 53 24 75 45 45 22 65 58 22 67 51 69 55 51 71 24 34 81 19 24 0 66 24 9 51 41 84 34 22 34 59 12 47 71 32 8 63 29 57 49 33 54 64 32 41 70 36 11 
50 85 25 78 49 28 99 9 28 31 12 39 63 26 60 91 56 85 39 36 60 70 101 38 68 64 76 26 48 62 97 83 7 42 82 36 21 77 89 54 36 54 66 66 0 55 61 65 49 59 98 87 34 10 70 87 25 90 64 21 36 10 19 54 13 40 55 53 34 39 71 
5 41 42 24 20 62 53 47 29 27 44 36 13 56 28 44 15 30 58 67 33 38 56 31 45 50 27 30 9 41 45 29 54 58 47 59 36 48 38 10 61 6 45 24 55 0 14 28 52 60 55 44 34 51 18 34 52 56 29 60 24 45 36 47 42 69 46 54 50 17 35 
16 51 42 30 14 60 62 53 33 30 49 31 2 55 15 32 5 28 54 64 47 24 43 44 32 65 37 37 14 56 52 22 61 53 60 55 44 61 28 25 72 9 32 9 61 14 0 41 44 74 42 31 32 55 9 41 63 42 16 61 25 51 42 37 48 65 37 45 62 28 20 
29 19 62 25 47 81 34 56 47 47 58 61 40 76 56 65 43 39 81 87 9 65 78 28 73 27 16 41 35 17 34 47 60 82 19 81 43 20 58 18 54 34 73 51 65 28 41 0 78 41 78 68 57 65 42 27 50 82 57 77 47 56 47 74 53 90 73 80 43 29 62 
49 93 25 74 32 28 105 49 35 33 39 17 47 25 31 61 40 72 15 27 80 34 65 64 26 93 79 46 43 86 96 63 54 12 98 18 50 97 63 60 80 46 24 41 49 52 44 78 0 96 62 53 22 39 52 85 68 49 34 34 31 45 44 9 45 26 10 3 74 50 37 
58 53 72 66 73 85 66 52 60 63 61 79 74 82 85 103 73 80 93 93 31 97 116 32 101 15 57 49 62 23 71 86 52 95 42 91 46 35 97 50 27 64 100 84 59 60 74 41 96 0 116 105 74 66 78 67 34 116 88 79 66 55 52 95 54 97 96 99 25 49 94 
58 81 75 57 50 89 85 93 71 68 86 60 42 84 38 13 45 43 77 89 87 29 3 87 36 105 67 79 56 95 72 32 100 74 93 80 85 97 21 65 115 52 38 34 98 55 42 78 62 116 0 11 64 90 37 64 105 16 34 92 62 90 83 53 87 88 52 60 104 70 27 
47 73 64 48 39 79 79 81 60 56 75 50 31 74 27 9 33 37 67 79 76 19 13 75 28 94 58 67 45 85 66 25 88 65 84 70 74 87 15 55 103 41 30 22 87 44 31 68 53 105 11 0 53 79 26 57 93 16 23 82 51 78 71 44 76 79 43 52 93 59 17 
30 74 11 58 18 28 87 31 13 11 22 5 34 22 26 59 26 60 24 32 58 36 67 42 33 71 61 24 24 64 80 54 37 24 77 24 29 76 58 40 60 29 32 34 34 34 32 57 22 74 64 53 0 26 41 69 48 55 30 29 10 27 24 22 26 34 22 25 52 28 36 
46 85 15 75 42 20 99 13 22 25 7 30 57 17 52 84 50 81 30 28 62 62 93 40 59 68 75 24 43 65 95 77 15 33 83 27 23 80 83 52 44 49 57 59 10 51 55 65 39 66 90 79 26 0 64 85 33 81 56 13 30 10 18 44 13 32 45 43 41 37 63 
22 49 51 25 23 70 57 62 42 39 58 40 7 64 21 25 14 20 62 73 49 26 38 50 36 67 34 46 22 58 46 13 69 61 58 64 52 61 20 28 79 16 36 12 70 18 9 42 52 78 37 26 41 64 0 35 70 40 20 70 34 60 51 44 57 74 44 53 68 34 22 
39 18 77 10 53 96 22 77 63 62 77 70 38 91 56 50 45 20 93 101 37 62 63 53 71 53 11 60 44 44 11 32 83 92 31 94 65 37 42 32 81 39 72 47 87 34 41 27 85 67 64 57 69 85 35 0 76 73 55 95 59 77 67 78 73 103 78 86 70 47 57 
48 69 42 70 55 53 84 20 36 39 29 54 63 50 68 95 59 81 62 61 43 80 106 23 80 41 65 26 48 41 84 81 18 64 63 59 19 57 91 46 12 53 79 71 25 52 63 50 68 34 105 93 48 33 70 76 0 100 71 46 44 23 24 70 23 65 71 72 10 35 79 
57 88 66 64 45 77 95 86 65 61 78 51 42 72 32 24 43 53 64 76 89 20 20 85 23 107 73 74 54 97 82 41 93 61 99 67 80 101 32 67 111 51 25 32 90 56 42 82 49 116 16 16 55 81 40 73 100 0 29 81 56 83 77 40 80 75 39 47 101 68 22 
30 67 41 45 16 56 77 58 37 33 51 27 18 51 4 29 14 40 46 58 63 8 37 56 16 80 52 45 25 71 66 29 65 44 76 49 52 77 29 40 82 24 16 8 64 29 16 57 34 88 34 23 30 56 20 55 71 29 0 59 28 55 48 25 53 58 24 34 72 39 7 
56 96 18 85 47 7 111 26 31 33 19 32 63 8 55 88 56 89 21 15 75 63 95 53 57 82 86 37 51 78 106 83 28 24 96 17 36 93 87 63 57 57 56 63 21 60 61 77 34 79 92 82 29 13 70 95 46 81 59 0 36 24 31 41 26 19 42 37 54 48 65 
20 64 17 49 12 37 77 30 8 5 24 14 27 31 24 55 20 52 34 42 48 35 64 33 36 62 51 18 15 55 70 47 37 34 67 34 24 66 53 30 56 20 35 29 36 24 25 47 31 66 62 51 10 30 34 59 44 56 28 36 0 27 20 29 25 44 29 34 47 19 35 
40 75 19 68 39 30 90 3 18 22 6 33 53 27 51 82 46 75 38 38 52 62 92 30 61 57 67 16 38 54 87 73 10 41 73 36 12 69 79 44 35 44 59 57 10 45 51 56 45 55 90 78 27 10 60 77 23 83 55 24 27 0 9 49 3 42 49 49 31 29 62 
31 66 20 58 32 35 81 11 12 15 11 30 44 31 44 74 38 66 41 43 44 56 85 22 56 51 57 6 29 47 77 64 18 43 65 39 6 62 71 34 36 35 55 49 19 36 42 47 44 52 83 71 24 18 51 67 24 77 48 31 20 9 0 46 6 46 47 48 29 20 56 
44 88 29 68 26 36 99 52 35 32 43 16 40 32 23 52 33 65 24 36 77 25 56 63 17 91 73 46 38 84 90 55 58 21 93 27 51 93 54 55 82 41 15 33 54 47 37 74 9 95 53 44 22 44 44 78 70 40 25 41 29 49 46 0 48 35 1 8 75 48 28 
37 72 19 65 37 32 87 5 16 19 7 31 50 28 49 79 43 72 39 39 49 60 89 27 59 55 63 13 35 52 84 70 12 41 70 37 10 67 77 41 35 41 58 54 13 42 48 53 45 54 87 76 26 13 57 73 23 80 53 26 25 3 6 48 0 43 48 48 30 26 60 
65 108 28 93 51 12 122 45 43 43 36 33 68 15 55 86 60 94 11 4 89 60 91 69 52 98 96 51 59 94 115 86 47 14 110 10 52 107 88 74 76 64 50 64 40 69 65 90 26 97 88 79 34 32 74 103 65 75 58 19 44 42 46 35 43 0 36 28 73 61 63 
44 87 30 67 26 37 99 53 35 32 43 17 39 33 22 51 33 64 25 37 77 24 55 63 16 91 73 47 38 84 89 54 59 22 93 28 52 93 53 55 83 40 14 32 55 46 37 73 10 96 52 43 22 45 44 78 71 39 24 42 29 49 47 1 48 36 0 9 75 48 27 
51 95 29 76 34 31 107 52 38 36 43 20 48 28 31 60 41 73 17 29 82 33 64 67 24 96 81 49 45 89 98 63 58 14 100 21 54 99 63 62 84 48 22 41 53 54 45 80 3 99 60 52 25 43 53 86 72 47 34 37 34 49 48 8 48 28 9 0 77 53 37 
46 61 48 64 56 61 75 28 39 42 37 58 62 58 69 94 59 76 69 69 34 81 106 18 83 31 59 28 48 32 77 79 27 71 54 67 23 48 89 42 11 52 82 70 34 50 62 43 74 25 104 93 52 41 68 70 10 101 72 54 47 31 29 75 30 73 75 77 0 34 79 
12 48 32 38 24 51 62 30 18 18 30 33 28 46 36 60 25 47 52 58 29 48 71 17 52 43 37 13 14 36 57 46 37 53 49 51 19 47 55 14 44 18 51 36 39 17 28 29 50 49 70 59 28 37 34 47 35 68 39 48 19 29 20 48 26 61 48 53 34 0 46 
36 71 47 47 23 62 79 65 44 40 58 33 22 57 11 23 21 40 51 63 68 4 30 63 15 86 56 52 32 76 68 28 72 49 80 53 59 82 26 45 89 29 16 11 71 35 20 62 37 94 27 17 36 63 22 57 79 22 7 65 35 62 56 28 60 63 27 37 79 46 0 
