8 6 7
8 24 11 12 17 17 
31 34 34 29 35 30 30 
0 41 48 54 31 40 20 42 40 16 42 52 11 17 21 29 45 4 36 48 65 28 17 30 24 48 53 46 24 
41 0 22 90 34 35 60 68 18 39 84 78 39 52 48 28 86 40 68 12 55 61 29 42 42 49 21 13 18 
48 22 0 85 24 56 68 59 40 38 88 94 40 63 44 21 91 45 81 34 33 57 30 33 58 31 43 9 31 
54 90 85 0 60 95 52 28 94 51 36 87 51 60 42 65 40 53 71 100 80 28 61 51 76 62 106 88 76 
31 34 24 60 0 58 51 35 46 17 66 84 20 48 21 7 70 27 68 46 33 33 15 8 50 18 55 28 30 
40 35 56 95 58 0 47 81 17 51 74 48 47 37 59 51 75 43 43 29 87 69 44 62 20 76 26 49 28 
20 60 68 52 51 47 0 50 53 34 26 38 30 10 35 49 28 23 21 64 84 35 38 47 27 66 67 66 42 
42 68 59 28 35 81 50 0 76 31 50 89 34 55 22 41 54 38 72 79 52 15 40 26 66 34 87 63 57 
40 18 40 94 46 17 53 76 0 44 80 64 42 44 54 39 81 41 56 12 72 66 35 52 30 64 13 32 18 
16 39 38 51 17 51 34 31 44 0 50 68 4 33 9 17 53 11 52 49 50 22 10 13 38 32 56 39 26 
42 84 88 36 66 74 26 50 80 50 0 52 48 36 46 67 4 44 39 90 96 37 58 60 53 77 94 88 66 
52 78 94 87 84 48 38 89 64 68 52 0 64 35 72 79 50 57 16 76 117 73 68 82 36 101 75 89 63 
11 39 40 51 20 47 30 34 42 4 48 64 0 28 11 19 51 7 48 48 54 23 10 18 34 37 55 40 24 
17 52 63 60 48 37 10 55 44 33 36 35 28 0 36 45 38 21 19 55 82 40 34 46 17 65 58 59 34 
21 48 44 42 21 59 35 22 54 9 46 72 11 36 0 23 49 17 55 58 51 13 19 13 45 32 65 46 35 
29 28 21 65 7 51 49 41 39 17 67 79 19 45 23 0 70 25 65 39 38 37 11 14 45 25 48 23 23 
45 86 91 40 70 75 28 54 81 53 4 50 51 38 49 70 0 47 38 92 100 41 61 63 54 81 95 91 69 
4 40 45 53 27 43 23 38 41 11 44 57 7 21 17 25 47 0 41 48 61 25 14 25 28 44 54 44 24 
36 68 81 71 68 43 21 72 56 52 39 16 48 19 55 65 38 41 0 68 102 56 53 66 26 85 69 77 51 
48 12 34 100 46 29 64 79 12 49 90 76 48 55 58 39 92 48 68 0 67 71 39 54 42 62 9 25 24 
65 55 33 80 33 87 84 52 72 50 96 117 54 82 51 38 100 61 102 67 0 59 49 37 83 19 76 42 59 
28 61 57 28 33 69 35 15 66 22 37 73 23 40 13 37 41 25 56 71 59 0 32 25 52 40 78 60 48 
17 29 30 61 15 44 38 40 35 10 58 68 10 34 19 11 61 14 53 39 49 32 0 18 34 34 47 30 17 
30 42 33 51 8 62 47 26 52 13 60 82 18 46 13 14 63 25 66 54 37 25 18 0 51 19 62 37 34 
24 42 58 76 50 20 27 66 30 38 53 36 34 17 45 45 54 28 26 42 83 52 34 51 0 69 43 52 26 
48 49 31 62 18 76 66 34 64 32 77 101 37 65 32 25 81 44 85 62 19 40 34 19 69 0 71 39 48 
53 21 43 106 55 26 67 87 13 56 94 75 55 58 65 48 95 54 69 9 76 78 47 62 43 71 0 34 30 
46 13 9 88 28 49 66 63 32 39 88 89 40 59 46 23 91 44 77 25 42 60 30 37 52 39 34 0 26 
24 18 31 76 30 28 42 57 18 26 66 63 24 34 35 23 69 24 51 24 59 48 17 34 26 48 30 26 0 
