10 12 4
20 5 20 7 23 18 7 16 12 22 6 18 
34 36 33 29 
0 21 41 51 31 32 21 35 56 56 42 47 50 32 24 34 30 34 29 37 65 48 31 41 65 47 40 47 20 39 39 27 46 39 53 39 49 28 54 20 48 43 20 45 45 
21 0 57 61 52 44 40 30 72 42 40 27 47 37 26 31 45 48 43 38 51 60 11 62 53 26 51 29 33 52 60 9 67 60 40 57 67 33 43 4 53 59 3 49 42 
41 57 0 79 23 62 42 47 73 72 44 84 49 69 37 43 13 60 58 75 78 15 68 36 106 83 70 71 54 12 22 59 41 39 69 5 58 66 66 58 81 62 58 80 46 
51 61 79 0 57 19 37 86 21 103 93 73 102 24 76 85 75 19 22 28 113 91 63 51 59 76 10 91 31 84 62 71 50 46 101 75 32 29 103 57 13 19 58 17 97 
31 52 23 57 0 41 22 54 50 80 55 78 62 50 42 51 24 38 38 58 87 37 62 15 92 78 49 74 36 31 8 57 21 17 76 18 35 49 75 51 61 39 51 60 58 
32 44 62 19 41 0 19 67 28 86 74 61 82 14 57 66 56 5 3 21 95 73 48 39 57 63 9 74 12 66 47 53 40 34 83 58 29 16 85 41 19 16 41 19 77 
21 40 42 37 22 19 0 55 36 77 60 64 68 29 43 53 38 18 16 36 86 54 49 24 71 64 28 68 14 47 29 48 28 21 74 38 27 28 75 38 39 23 38 38 63 
35 30 47 86 54 67 55 0 92 25 10 49 17 64 12 4 34 69 65 67 33 41 38 69 83 46 75 25 55 37 60 24 75 69 22 50 82 60 21 34 81 78 33 77 12 
56 72 73 21 50 28 36 92 0 112 97 89 105 40 80 90 72 24 29 46 122 87 77 38 80 91 25 101 38 80 52 81 36 34 110 68 15 43 111 68 34 13 69 38 100 
56 42 72 103 80 86 77 25 112 0 30 45 29 79 38 29 60 89 84 79 9 66 43 94 84 41 92 14 74 62 86 32 99 94 4 75 105 75 8 46 95 99 45 91 29 
42 40 44 93 55 74 60 10 97 30 0 59 8 73 17 9 33 76 72 76 34 36 48 71 93 56 83 33 62 32 61 34 77 72 26 47 87 69 23 43 89 84 42 86 3 
47 27 84 73 78 61 64 49 89 45 59 0 64 49 50 51 72 65 61 45 54 85 16 88 39 4 64 31 52 78 86 26 92 85 46 84 88 45 50 27 62 77 27 57 61 
50 47 49 102 62 82 68 17 105 29 8 64 0 81 25 17 39 84 80 84 32 38 55 78 99 61 91 36 71 37 67 41 84 79 26 53 94 77 21 51 97 92 50 94 5 
32 37 69 24 50 14 29 64 40 79 73 49 81 0 56 64 61 19 15 7 89 78 38 51 43 51 15 66 15 70 58 46 53 47 77 66 43 4 80 33 16 30 34 13 76 
24 26 37 76 42 57 43 12 80 38 17 50 25 56 0 10 24 58 54 59 45 35 36 56 80 48 65 34 45 28 48 24 62 56 34 39 70 52 33 29 72 66 28 69 20 
34 31 43 85 51 66 53 4 90 29 9 51 17 64 10 0 30 68 63 67 36 38 39 66 84 48 74 28 54 33 57 26 72 66 25 46 80 60 24 34 80 76 33 77 12 
30 45 13 75 24 56 38 34 72 60 33 72 39 61 24 30 0 56 53 67 67 17 56 40 95 70 65 58 47 9 28 46 45 42 56 15 59 58 55 46 75 60 46 73 35 
34 48 60 19 38 5 18 69 24 89 76 65 84 19 58 68 56 0 5 26 98 72 53 35 62 67 10 77 14 65 44 57 36 30 86 56 24 21 88 44 22 11 45 23 79 
29 43 58 22 38 3 16 65 29 84 72 61 80 15 54 63 53 5 0 23 93 70 48 36 59 62 12 72 10 62 44 52 38 32 81 55 28 17 83 39 22 16 40 22 75 
37 38 75 28 58 21 36 67 46 79 76 45 84 7 59 67 67 26 23 0 89 84 37 59 36 48 20 66 21 76 65 47 61 55 78 72 50 8 81 33 17 37 34 12 79 
65 51 78 113 87 95 86 33 122 9 34 54 32 89 45 36 67 98 93 89 0 70 52 102 93 50 102 23 83 67 93 42 108 102 12 82 114 84 12 55 105 108 55 101 33 
48 60 15 91 37 73 54 41 87 66 36 85 38 78 35 38 17 72 70 84 70 0 71 51 112 83 82 66 64 8 37 59 56 54 62 20 73 76 59 62 92 76 61 91 37 
31 11 68 63 62 48 49 38 77 43 48 16 55 38 36 39 56 53 48 37 52 71 0 72 44 16 53 29 38 63 70 13 76 69 42 68 74 34 46 11 54 64 11 49 50 
41 62 36 51 15 39 24 69 38 94 71 88 78 51 56 66 40 35 36 59 102 51 72 0 95 88 45 87 38 46 14 69 5 5 91 31 23 52 90 61 58 31 61 59 74 
65 53 106 59 92 57 71 83 80 84 93 39 99 43 80 84 95 62 59 36 93 112 44 95 0 43 55 70 56 104 99 58 97 91 84 104 86 43 88 50 46 72 51 42 95 
47 26 83 76 78 63 64 46 91 41 56 4 61 51 48 48 70 67 62 48 50 83 16 88 43 0 66 27 54 76 86 24 92 85 42 83 89 47 46 27 65 79 27 60 57 
40 51 70 10 49 9 28 75 25 92 83 64 91 15 65 74 65 10 12 20 102 82 53 45 55 66 0 80 20 75 55 60 46 41 90 66 31 19 93 47 12 17 48 13 86 
47 29 71 91 74 74 68 25 101 14 33 31 36 66 34 28 58 77 72 66 23 66 29 87 70 27 80 0 62 61 81 20 92 86 14 73 96 62 18 33 82 88 32 78 33 
20 33 54 31 36 12 14 55 38 74 62 52 71 15 45 54 47 14 10 21 83 64 38 38 56 54 20 62 0 56 43 42 41 34 71 51 35 13 73 30 28 25 30 26 65 
39 52 12 84 31 66 47 37 80 62 32 78 37 70 28 33 9 65 62 76 67 8 63 46 104 76 75 61 56 0 33 52 51 49 58 16 67 68 55 54 84 69 53 83 34 
39 60 22 62 8 47 29 60 52 86 61 86 67 58 48 57 28 44 44 65 93 37 70 14 99 86 55 81 43 33 0 65 18 18 82 17 37 57 81 59 67 43 59 67 63 
27 9 59 71 57 53 48 24 81 32 34 26 41 46 24 26 46 57 52 47 42 59 13 69 58 24 60 20 42 52 65 0 74 67 31 60 76 42 33 13 63 68 12 58 36 
46 67 41 50 21 40 28 75 36 99 77 92 84 53 62 72 45 36 38 61 108 56 76 5 97 92 46 92 41 51 18 74 0 7 96 36 20 54 96 65 58 30 65 59 79 
39 60 39 46 17 34 21 69 34 94 72 85 79 47 56 66 42 30 32 55 102 54 69 5 91 85 41 86 34 49 18 67 7 0 90 34 19 47 90 58 53 26 59 54 75 
53 40 69 101 76 83 74 22 110 4 26 46 26 77 34 25 56 86 81 78 12 62 42 91 84 42 90 14 71 58 82 31 96 90 0 72 102 73 5 44 94 96 43 89 25 
39 57 5 75 18 58 38 50 68 75 47 84 53 66 39 46 15 56 55 72 82 20 68 31 104 83 66 73 51 16 17 60 36 34 72 0 53 64 70 58 77 57 57 77 50 
49 67 58 32 35 29 27 82 15 105 87 88 94 43 70 80 59 24 28 50 114 73 74 23 86 89 31 96 35 67 37 76 20 19 102 53 0 45 103 64 42 13 65 45 90 
28 33 66 29 49 16 28 60 43 75 69 45 77 4 52 60 58 21 17 8 84 76 34 52 43 47 19 62 13 68 57 42 54 47 73 64 45 0 75 29 20 32 29 17 72 
54 43 66 103 75 85 75 21 111 8 23 50 21 80 33 24 55 88 83 81 12 59 46 90 88 46 93 18 73 55 81 33 96 90 5 70 103 75 0 47 96 97 46 92 22 
20 4 58 57 51 41 38 34 68 46 43 27 51 33 29 34 46 44 39 33 55 62 11 61 50 27 47 33 30 54 59 13 65 58 44 58 64 29 47 0 49 55 1 45 46 
48 53 81 13 61 19 39 81 34 95 89 62 97 16 72 80 75 22 22 17 105 92 54 58 46 65 12 82 28 84 67 63 58 53 94 77 42 20 96 49 0 29 50 5 92 
43 59 62 19 39 16 23 78 13 99 84 77 92 30 66 76 60 11 16 37 108 76 64 31 72 79 17 88 25 69 43 68 30 26 96 57 13 32 97 55 29 0 56 31 87 
20 3 58 58 51 41 38 33 69 45 42 27 50 34 28 33 46 45 40 34 55 61 11 61 51 27 48 32 30 53 59 12 65 59 43 57 65 29 46 1 50 56 0 46 45 
45 49 80 17 60 19 38 77 38 91 86 57 94 13 69 77 73 23 22 12 101 91 49 59 42 60 13 78 26 83 67 58 59 54 89 77 45 17 92 45 5 31 46 0 89 
45 42 46 97 58 77 63 12 100 29 3 61 5 76 20 12 35 79 75 79 33 37 50 74 95 57 86 33 65 34 63 36 79 75 25 50 90 72 22 46 92 87 45 89 0 
