14 16 13
20 20 5 9 16 5 10 5 16 24 24 18 11 16 16 6 
28 34 28 27 34 29 33 29 29 27 34 31 32 
0 38 24 23 47 54 36 24 34 60 41 49 29 29 50 17 33 48 15 35 42 53 39 36 40 37 59 44 25 49 41 36 40 27 27 49 34 44 51 44 20 24 38 30 2 32 37 54 56 57 33 24 36 20 9 59 26 49 27 47 24 
38 0 44 24 9 84 74 16 15 39 35 73 63 48 69 39 45 10 46 71 41 29 57 17 66 37 91 82 62 87 30 74 51 40 31 62 72 46 64 58 55 21 64 46 40 50 72 84 36 31 42 61 71 57 47 92 49 12 43 33 61 
24 44 0 42 52 40 47 28 32 48 25 73 49 5 27 7 57 51 39 31 22 69 63 33 22 20 78 55 28 55 60 48 16 51 15 25 39 22 27 68 41 41 62 55 25 7 55 75 44 48 11 26 53 29 25 76 50 56 3 66 42 
23 24 42 0 33 77 55 23 31 60 48 48 40 47 70 35 21 35 24 58 52 30 32 34 62 47 67 62 48 70 18 54 55 16 37 66 55 56 68 34 33 3 39 21 24 50 49 59 56 53 47 47 48 41 31 68 24 32 44 24 40 
47 9 52 33 0 92 84 25 20 36 39 82 73 56 76 48 53 2 56 80 45 31 65 21 74 41 101 92 71 97 35 84 56 49 38 67 81 50 69 66 65 30 73 55 50 56 82 93 34 27 48 70 81 67 56 101 58 6 50 37 71 
54 84 40 77 92 0 45 68 72 83 61 88 61 37 26 45 84 92 62 22 55 106 86 73 19 56 79 49 33 40 96 48 41 79 55 37 35 52 37 92 58 77 78 81 53 37 61 82 80 86 47 32 60 40 48 77 73 97 42 102 53 
36 74 47 55 84 45 0 60 69 93 71 44 20 48 59 43 50 84 31 24 69 84 47 72 44 66 35 8 19 15 70 3 60 48 58 64 10 69 66 53 22 57 36 46 34 51 16 37 89 91 58 21 15 18 27 33 38 85 50 75 15 
24 16 28 23 25 68 60 0 10 38 25 68 53 32 54 23 43 25 36 55 30 42 54 13 50 25 82 69 46 73 37 61 36 37 17 48 57 34 50 57 44 20 58 43 26 34 61 76 34 33 27 45 60 43 33 82 43 28 27 42 49 
34 15 32 31 20 72 69 10 0 28 20 78 62 35 55 29 52 19 46 61 26 45 63 3 53 21 92 78 54 81 42 70 36 47 17 47 65 31 49 66 54 28 68 52 36 36 71 86 25 23 27 53 70 51 42 92 53 26 30 47 59 
60 39 48 60 36 83 93 38 28 0 23 106 90 49 60 49 81 34 74 80 27 67 92 25 65 28 120 102 76 103 69 94 41 75 34 49 87 31 50 94 81 56 96 81 62 48 97 114 4 8 38 74 96 75 67 119 81 42 45 72 85 
41 35 25 48 39 61 71 25 20 23 0 90 70 26 39 27 68 37 56 56 6 65 77 18 42 5 99 79 53 80 62 72 20 62 13 29 64 11 31 81 61 45 79 67 42 25 77 95 19 25 14 51 76 53 46 99 65 45 21 66 64 
49 73 73 48 82 88 44 68 78 106 90 0 26 77 95 66 29 83 34 65 91 65 17 81 82 87 27 45 55 57 52 41 89 32 77 97 52 94 99 18 32 52 11 26 48 80 28 16 102 101 82 57 28 49 48 29 25 79 76 55 34 
29 63 49 40 73 61 20 53 62 90 70 26 0 52 69 43 31 74 16 38 70 67 27 65 55 66 30 24 29 35 53 17 65 30 56 72 27 71 74 33 8 43 17 27 27 55 9 25 85 86 60 30 8 23 24 29 19 72 52 58 8 
29 48 5 47 56 37 48 32 35 49 26 77 52 0 22 12 62 55 43 31 22 74 68 36 18 20 80 56 29 55 65 50 12 56 18 20 40 21 22 73 45 46 66 59 29 3 57 78 45 50 11 27 56 31 29 79 54 60 5 71 45 
50 69 27 70 76 26 59 54 55 60 39 95 69 22 0 35 83 75 63 35 33 96 88 55 14 35 93 65 41 59 88 61 19 77 38 11 49 29 11 93 62 69 84 81 50 20 72 94 57 64 27 39 71 46 48 92 75 81 26 94 61 
17 39 7 35 48 45 43 23 29 49 27 66 43 12 35 0 49 48 32 32 26 62 56 30 27 23 72 52 26 53 53 45 23 43 15 32 37 28 34 61 35 34 55 47 18 15 50 69 45 48 16 24 48 25 19 72 43 51 10 59 37 
33 45 57 21 53 84 50 43 52 81 68 29 31 62 83 49 0 55 22 63 71 37 12 55 72 66 52 56 51 66 23 49 72 6 56 82 55 74 84 13 29 24 22 4 33 64 40 42 77 75 64 52 39 44 37 53 12 50 59 27 35 
48 10 51 35 2 92 84 25 19 34 37 83 74 55 75 48 55 0 57 80 44 33 67 20 73 40 102 93 71 97 37 84 55 51 37 66 82 49 68 68 66 31 74 56 50 56 83 94 32 25 47 70 81 67 57 103 60 8 50 39 72 
15 46 39 24 56 62 31 36 46 74 56 34 16 43 63 32 22 57 0 40 57 53 25 49 51 52 45 38 29 46 39 30 55 18 43 63 33 59 65 30 9 27 23 19 14 46 25 39 70 70 48 29 24 22 15 46 12 56 42 44 16 
35 71 31 58 80 22 24 55 61 80 56 65 38 31 35 32 63 80 40 0 53 88 64 63 21 51 59 29 11 25 76 27 41 58 46 43 14 51 44 69 35 59 55 59 34 32 38 60 76 80 42 11 38 18 27 57 51 83 34 82 30 
42 41 22 52 45 55 69 30 26 27 6 91 70 22 33 26 71 44 57 53 0 71 80 24 37 5 99 77 50 77 67 71 14 65 15 23 62 5 24 84 62 49 80 70 43 20 76 96 24 31 11 48 75 51 46 98 67 51 19 72 63 
53 29 69 30 31 106 84 42 45 67 65 65 67 74 96 62 37 33 53 88 71 0 48 47 90 66 90 91 78 99 14 83 79 37 59 90 85 76 92 47 62 29 60 41 54 75 76 80 65 58 70 77 75 72 61 91 48 25 69 10 69 
39 57 63 32 65 86 47 54 63 92 77 17 27 68 88 56 12 67 25 64 80 48 0 66 76 75 41 51 53 62 34 45 79 16 65 88 53 83 91 5 28 36 13 10 38 71 34 31 88 86 72 54 33 46 40 43 13 62 66 38 33 
36 17 33 34 21 73 72 13 3 25 18 81 65 36 55 30 55 20 49 63 24 47 66 0 54 20 95 80 56 83 45 72 35 50 18 46 67 29 48 69 57 31 71 55 39 36 74 89 21 20 27 55 72 54 44 95 56 27 31 49 61 
40 66 22 62 74 19 44 50 53 65 42 82 55 18 14 27 72 73 51 21 37 90 76 54 0 37 79 51 27 46 80 47 23 67 36 22 34 34 23 82 50 62 71 69 40 18 58 80 61 67 28 25 57 32 36 77 63 78 23 86 47 
37 37 20 47 41 56 66 25 21 28 5 87 66 20 35 23 66 40 52 51 5 66 75 20 37 0 95 74 48 75 62 68 15 60 10 25 59 9 27 79 57 44 76 65 39 19 73 91 24 30 9 46 71 48 42 95 62 47 16 67 60 
59 91 78 67 101 79 35 82 92 120 99 27 30 80 93 72 52 102 45 59 99 90 41 95 79 95 0 30 52 41 75 32 93 53 86 98 45 100 100 45 38 71 29 48 57 83 22 11 115 116 89 55 24 49 53 2 43 100 81 79 35 
44 82 55 62 92 49 8 69 78 102 79 45 24 56 65 52 56 93 38 29 77 91 51 80 51 74 30 0 27 12 77 8 68 54 67 72 16 77 73 56 29 64 39 52 42 59 17 35 97 100 66 29 17 27 36 28 43 93 58 82 22 
25 62 28 48 71 33 19 46 54 76 53 55 29 29 41 26 51 71 29 11 50 78 53 56 27 48 52 27 0 27 65 21 41 47 41 45 11 50 47 58 24 49 45 48 23 31 31 53 71 75 39 2 30 7 16 51 40 74 31 71 20 
49 87 55 70 97 40 15 73 81 103 80 57 35 55 59 53 66 97 46 25 77 99 62 83 46 75 41 12 27 0 85 17 66 63 68 67 16 76 69 68 37 72 51 62 47 57 29 47 99 102 66 29 29 30 40 38 53 99 58 91 30 
41 30 60 18 35 96 70 37 42 69 62 52 53 65 88 53 23 37 39 76 67 14 34 45 80 62 75 77 65 85 0 69 72 23 53 84 72 71 86 34 48 19 46 27 42 68 62 66 66 61 63 65 61 59 49 77 34 30 61 5 55 
36 74 48 54 84 48 3 61 70 94 72 41 17 50 61 45 49 84 30 27 71 83 45 72 47 68 32 8 21 17 69 0 63 46 60 67 13 71 68 50 21 56 34 44 34 53 13 34 90 92 60 23 12 19 28 30 36 85 52 74 14 
40 51 16 55 56 41 60 36 36 41 20 89 65 12 19 23 72 55 55 41 14 79 79 35 23 15 93 68 41 66 72 63 0 66 19 11 52 10 13 84 57 54 78 70 41 9 70 91 38 45 9 39 69 44 41 92 66 62 13 78 57 
27 40 51 16 49 79 48 37 47 75 62 32 30 56 77 43 6 51 18 58 65 37 16 50 67 60 53 54 47 63 23 46 66 0 50 76 51 68 78 19 25 19 24 5 27 58 39 44 72 69 58 47 38 40 31 54 11 47 53 28 32 
27 31 15 37 38 55 58 17 17 34 13 77 56 18 38 15 56 37 43 46 15 59 65 18 36 10 86 67 41 68 53 60 19 50 0 31 52 18 33 69 48 35 66 55 29 18 64 82 30 34 10 39 62 40 33 85 52 43 13 58 51 
49 62 25 66 67 37 64 48 47 49 29 97 72 20 11 32 82 66 63 43 23 90 88 46 22 25 98 72 45 67 84 67 11 76 31 0 55 18 2 93 65 65 86 80 50 17 76 97 46 53 20 43 75 49 49 97 75 73 22 89 64 
34 72 39 55 81 35 10 57 65 87 64 52 27 40 49 37 55 82 33 14 62 85 53 67 34 59 45 16 11 16 72 13 52 51 52 55 0 61 57 59 26 57 44 51 32 42 25 47 83 86 50 13 24 14 25 43 42 83 43 77 19 
44 46 22 56 50 52 69 34 31 31 11 94 71 21 29 28 74 49 59 51 5 76 83 29 34 9 100 77 50 76 71 71 10 68 18 18 61 0 19 87 63 53 83 73 45 19 77 97 28 35 11 48 76 51 47 99 70 56 19 76 65 
51 64 27 68 69 37 66 50 49 50 31 99 74 22 11 34 84 68 65 44 24 92 91 48 23 27 100 73 47 69 86 68 13 78 33 2 57 19 0 95 67 67 88 82 52 19 78 99 47 54 22 45 76 51 51 98 77 75 25 91 66 
44 58 68 34 66 92 53 57 66 94 81 18 33 73 93 61 13 68 30 69 84 47 5 69 82 79 45 56 58 68 34 50 84 19 69 93 59 87 95 0 34 38 17 14 43 76 39 34 91 88 76 59 38 51 46 47 18 63 71 36 39 
20 55 41 33 65 58 22 44 54 81 61 32 8 45 62 35 29 66 9 35 62 62 28 57 50 57 38 29 24 37 48 21 57 25 48 65 26 63 67 34 0 36 21 25 18 48 17 34 77 77 51 25 15 17 16 38 16 65 44 53 7 
24 21 41 3 30 77 57 20 28 56 45 52 43 46 69 34 24 31 27 59 49 29 36 31 62 44 71 64 49 72 19 56 54 19 35 65 57 53 67 38 36 0 43 25 25 49 52 63 53 50 45 48 51 43 32 71 28 29 42 24 42 
38 64 62 39 73 78 36 58 68 96 79 11 17 66 84 55 22 74 23 55 80 60 13 71 71 76 29 39 45 51 46 34 78 24 66 86 44 83 88 17 21 43 0 19 37 69 21 20 92 91 71 47 21 39 37 31 15 71 65 50 25 
30 46 55 21 55 81 46 43 52 81 67 26 27 59 81 47 4 56 19 59 70 41 10 55 69 65 48 52 48 62 27 44 70 5 55 80 51 73 82 14 25 25 19 0 30 62 36 39 77 75 62 48 35 41 33 49 8 53 57 31 31 
2 40 25 24 50 53 34 26 36 62 42 48 27 29 50 18 33 50 14 34 43 54 38 39 40 39 57 42 23 47 42 34 41 27 29 50 32 45 52 43 18 25 37 30 0 32 35 52 58 59 34 23 33 18 7 57 25 51 28 48 22 
32 50 7 50 56 37 51 34 36 48 25 80 55 3 20 15 64 56 46 32 20 75 71 36 18 19 83 59 31 57 68 53 9 58 18 17 42 19 19 76 48 49 69 62 32 0 60 81 44 49 10 29 59 34 32 82 57 61 6 73 48 
37 72 55 49 82 61 16 61 71 97 77 28 9 57 72 50 40 83 25 38 76 76 34 74 58 73 22 17 31 29 62 13 70 39 64 76 25 77 78 39 17 52 21 36 35 60 0 22 93 94 66 33 1 26 31 21 28 82 58 67 13 
54 84 75 59 93 82 37 76 86 114 95 16 25 78 94 69 42 94 39 60 96 80 31 89 80 91 11 35 53 47 66 34 91 44 82 97 47 97 99 34 34 63 20 39 52 81 22 0 110 110 86 55 23 48 50 13 34 92 78 69 33 
56 36 44 56 34 80 89 34 25 4 19 102 85 45 57 45 77 32 70 76 24 65 88 21 61 24 115 97 71 99 66 90 38 72 30 46 83 28 47 91 77 53 92 77 58 44 93 110 0 8 34 69 92 70 62 115 77 40 41 69 80 
57 31 48 53 27 86 91 33 23 8 25 101 86 50 64 48 75 25 70 80 31 58 86 20 67 30 116 100 75 102 61 92 45 69 34 53 86 35 54 88 77 50 91 75 59 49 94 110 8 0 39 73 93 73 64 116 76 33 45 64 82 
33 42 11 47 48 47 58 27 27 38 14 82 60 11 27 16 64 47 48 42 11 70 72 27 28 9 89 66 39 66 63 60 9 58 10 20 50 11 22 76 51 45 71 62 34 10 66 86 34 39 0 37 64 40 35 88 59 53 7 69 53 
24 61 26 47 70 32 21 45 53 74 51 57 30 27 39 24 52 70 29 11 48 77 54 55 25 46 55 29 2 29 65 23 39 47 39 43 13 48 45 59 25 48 47 48 23 29 33 55 69 73 37 0 32 8 16 53 41 73 29 71 22 
36 71 53 48 81 60 15 60 70 96 76 28 8 56 71 48 39 81 24 38 75 75 33 72 57 71 24 17 30 29 61 12 69 38 62 75 24 76 76 38 15 51 21 35 33 59 1 23 92 93 64 32 0 25 29 23 27 81 57 66 11 
20 57 29 41 67 40 18 43 51 75 53 49 23 31 46 25 44 67 22 18 51 72 46 54 32 48 49 27 7 30 59 19 44 40 40 49 14 51 51 51 17 43 39 41 18 34 26 48 70 73 40 8 25 0 11 48 33 69 32 65 15 
9 47 25 31 56 48 27 33 42 67 46 48 24 29 48 19 37 57 15 27 46 61 40 44 36 42 53 36 16 40 49 28 41 31 33 49 25 47 51 46 16 32 37 33 7 32 31 50 62 64 35 16 29 11 0 53 27 58 28 55 18 
59 92 76 68 101 77 33 82 92 119 99 29 29 79 92 72 53 103 46 57 98 91 43 95 77 95 2 28 51 38 77 30 92 54 85 97 43 99 98 47 38 71 31 49 57 82 21 13 115 116 88 53 23 48 53 0 43 101 80 81 34 
26 49 50 24 58 73 38 43 53 81 65 25 19 54 75 43 12 60 12 51 67 48 13 56 63 62 43 43 40 53 34 36 66 11 52 75 42 70 77 18 16 28 15 8 25 57 28 34 77 76 59 41 27 33 27 43 0 57 53 39 23 
49 12 56 32 6 97 85 28 26 42 45 79 72 60 81 51 50 8 56 83 51 25 62 27 78 47 100 93 74 99 30 85 62 47 43 73 83 56 75 63 65 29 71 53 51 61 82 92 40 33 53 73 81 69 58 101 57 0 55 32 71 
27 43 3 44 50 42 50 27 30 45 21 76 52 5 26 10 59 50 42 34 19 69 66 31 23 16 81 58 31 58 61 52 13 53 13 22 43 19 25 71 44 42 65 57 28 6 58 78 41 45 7 29 57 32 28 80 53 55 0 67 45 
47 33 66 24 37 102 75 42 47 72 66 55 58 71 94 59 27 39 44 82 72 10 38 49 86 67 79 82 71 91 5 74 78 28 58 89 77 76 91 36 53 24 50 31 48 73 67 69 69 64 69 71 66 65 55 81 39 32 67 0 60 
24 61 42 40 71 53 15 49 59 85 64 34 8 45 61 37 35 72 16 30 63 69 33 61 47 60 35 22 20 30 55 14 57 32 51 64 19 65 66 39 7 42 25 31 22 48 13 33 80 82 53 22 11 15 18 34 23 71 45 60 0 
