16 19 7
7 11 6 8 8 14 13 22 16 16 8 5 19 22 24 19 18 7 23 
33 31 31 31 32 33 30 
0 60 45 47 51 42 41 47 59 50 50 51 28 30 12 12 30 28 56 29 28 53 39 26 49 45 33 54 25 39 55 34 62 27 16 8 65 49 28 41 38 23 40 54 30 30 53 44 53 49 60 34 34 38 44 52 10 28 31 42 56 23 56 32 54 29 45 29 59 55 43 
60 0 103 83 98 54 71 38 119 97 90 8 50 60 47 49 90 80 69 83 48 113 97 39 109 14 92 84 85 98 89 88 84 76 76 56 5 58 88 89 96 36 95 83 30 81 88 73 112 98 2 78 94 78 94 112 49 84 91 102 75 36 72 80 75 49 85 33 10 13 17 
45 103 0 41 63 84 48 92 21 64 72 94 71 69 58 57 18 50 66 45 58 16 7 72 24 89 35 83 31 9 45 45 94 53 30 47 107 68 24 57 8 66 45 50 72 51 44 78 14 61 103 32 14 66 19 27 56 41 17 20 91 67 92 26 59 72 35 70 103 95 86 
47 83 41 0 90 88 12 89 62 90 94 76 74 77 52 54 45 70 26 67 35 57 41 67 63 73 63 100 55 45 8 70 109 71 44 41 86 31 50 81 41 53 74 9 56 72 6 91 55 88 84 14 45 84 22 66 52 64 45 57 103 55 103 19 18 74 6 53 87 71 67 
51 98 63 90 0 50 89 66 59 1 13 91 48 38 58 55 48 22 106 23 79 56 58 59 44 84 28 27 35 54 98 20 38 24 46 59 104 100 41 10 57 70 18 99 76 20 96 31 58 2 97 76 50 21 76 43 56 26 48 44 40 68 43 71 103 49 86 76 93 99 85 
42 54 84 88 50 0 80 17 92 48 39 48 13 15 35 33 66 39 90 44 59 86 77 24 78 42 56 30 54 75 96 48 30 34 54 46 59 81 61 43 76 41 54 93 43 39 94 20 87 50 52 75 70 29 85 79 35 47 67 73 21 38 19 74 91 13 86 45 46 59 46 
41 71 48 12 89 80 0 79 69 89 91 64 66 71 44 47 48 67 19 66 24 63 46 58 68 62 64 96 55 50 18 69 104 68 43 34 74 20 51 79 46 43 74 13 45 69 17 86 61 87 72 16 49 80 30 71 44 63 48 61 97 45 97 22 13 67 16 42 76 59 56 
47 38 92 89 66 17 79 0 103 65 56 34 21 29 37 36 75 53 86 57 56 97 85 22 90 29 69 47 65 85 96 62 46 48 62 49 43 76 71 59 84 36 68 93 36 53 95 37 97 66 36 78 80 45 91 91 38 60 76 84 37 34 34 78 89 20 88 39 30 46 34 
59 119 21 62 59 92 69 103 0 60 70 111 81 76 72 71 29 53 88 48 77 6 23 84 15 105 36 84 37 21 66 46 95 58 43 63 124 89 32 56 24 82 43 71 89 54 65 81 7 57 119 53 25 69 40 15 70 44 28 18 94 82 96 47 81 82 56 87 119 113 102 
50 97 64 90 1 48 89 65 60 0 11 89 46 36 57 54 48 21 105 22 78 57 58 58 45 83 28 26 35 54 97 19 37 23 46 58 102 100 41 9 57 69 18 99 75 19 96 29 59 3 96 76 50 19 76 44 55 25 49 44 39 67 42 71 102 48 86 75 91 98 84 
50 90 72 94 13 39 91 56 70 11 0 83 40 30 54 51 55 24 106 27 78 67 65 53 55 77 36 14 41 62 101 26 25 23 50 58 96 100 48 14 64 65 27 102 71 21 100 19 68 14 89 79 58 13 82 55 52 31 55 53 27 63 31 75 104 41 90 71 84 93 79 
51 8 94 76 91 48 64 34 111 89 83 0 43 53 39 40 82 72 63 75 41 104 89 31 101 6 83 78 77 90 82 80 79 68 67 47 13 52 79 82 88 28 87 77 22 73 81 67 104 90 8 70 85 71 86 103 41 76 82 94 70 28 67 72 69 42 78 25 12 12 8 
28 50 71 74 48 13 66 21 81 46 40 43 0 10 22 19 54 31 77 36 46 75 64 13 68 37 47 36 43 63 82 41 40 27 41 32 56 68 49 39 63 29 47 80 33 32 81 24 76 47 49 61 58 27 72 69 21 38 55 62 32 26 31 60 78 1 73 34 45 53 39 
30 60 69 77 38 15 71 29 76 36 30 53 10 0 28 25 51 23 83 28 53 71 62 23 62 47 40 27 38 60 85 33 33 19 39 36 66 75 45 30 61 37 39 83 42 24 83 16 71 38 59 63 55 17 72 63 27 31 52 57 26 34 26 61 83 11 75 43 55 63 49 
12 47 58 52 58 35 44 37 72 57 54 39 22 28 0 3 43 36 55 38 25 66 51 15 62 33 45 55 38 52 60 43 61 34 29 12 52 47 41 48 51 12 50 58 18 38 59 44 66 57 47 41 47 41 54 64 2 38 44 55 53 11 53 41 56 22 52 18 46 43 31 
12 49 57 54 55 33 47 36 71 54 51 40 19 25 3 0 42 33 58 35 28 65 51 14 60 34 43 51 36 51 62 40 58 31 28 13 54 50 39 45 50 15 47 60 21 35 61 41 65 54 48 42 46 38 55 62 2 35 43 53 50 13 50 42 58 20 53 21 47 46 33 
30 90 18 45 48 66 48 75 29 48 55 82 54 51 43 42 0 32 67 28 50 22 11 56 21 76 19 65 13 9 51 28 76 35 14 34 95 65 6 40 10 53 30 54 60 34 50 60 22 46 90 32 4 49 28 24 41 24 1 13 73 53 74 26 61 55 40 58 90 84 73 
28 80 50 70 22 39 67 53 53 21 24 72 31 23 36 33 32 0 84 5 57 49 43 40 39 65 17 33 18 40 77 9 43 4 26 36 85 78 25 12 42 48 15 78 54 2 76 28 50 21 79 55 36 16 58 40 34 9 33 35 41 46 43 51 81 33 66 54 76 79 65 
56 69 66 26 106 90 19 86 88 105 106 63 77 83 55 58 67 84 0 83 31 82 65 67 87 63 82 110 73 69 27 87 117 84 60 48 71 11 70 96 65 50 92 20 49 86 27 99 80 104 71 35 68 95 48 90 56 80 67 80 109 53 108 41 8 77 32 47 76 56 57 
29 83 45 67 23 44 66 57 48 22 27 75 36 28 38 35 28 5 83 0 57 44 39 44 34 68 12 37 14 36 75 5 48 9 23 37 88 78 21 13 38 50 12 76 57 6 73 33 45 21 82 53 31 21 55 35 35 4 29 30 46 49 48 48 80 37 63 56 79 81 68 
28 48 58 35 79 59 24 56 77 78 78 41 46 53 25 28 50 57 31 57 0 71 53 36 71 38 60 79 51 56 42 62 86 56 38 20 52 22 50 69 53 19 68 37 21 59 41 69 69 78 50 29 52 65 46 74 26 56 50 63 78 22 77 32 32 46 37 18 52 38 32 
53 113 16 57 56 86 63 97 6 57 67 104 75 71 66 65 22 49 82 44 71 0 17 78 12 99 32 80 32 15 61 42 91 53 37 57 118 83 26 52 17 76 39 66 82 50 60 77 2 54 113 47 19 65 35 14 64 40 22 14 90 76 92 41 75 77 51 80 112 106 96 
39 97 7 41 58 77 46 85 23 58 65 89 64 62 51 51 11 43 65 39 53 17 0 65 22 84 29 76 25 4 46 39 87 47 23 41 102 65 17 51 1 60 40 50 66 45 45 71 16 55 98 30 7 60 20 25 50 35 10 16 84 61 85 24 59 66 35 64 97 90 80 
26 39 72 67 59 24 58 22 84 58 53 31 13 23 15 14 56 40 67 44 36 78 65 0 73 25 53 49 48 65 75 49 53 37 42 27 44 57 52 50 64 16 56 71 20 42 73 38 78 59 38 56 60 40 69 75 16 45 57 66 44 14 43 56 68 12 66 21 35 40 26 
49 109 24 63 44 78 68 90 15 45 55 101 68 62 62 60 21 39 87 34 71 12 22 73 0 95 21 69 25 18 68 31 80 43 33 54 114 86 21 41 22 73 28 72 80 39 67 66 14 42 109 52 19 54 42 3 60 30 20 7 79 73 81 46 81 69 57 78 108 104 93 
45 14 89 73 84 42 62 29 105 83 77 6 37 47 33 34 76 65 63 68 38 99 84 25 95 0 77 72 71 84 80 74 73 62 62 42 19 52 74 75 83 23 80 75 18 67 79 61 98 84 14 66 80 64 82 97 35 69 77 88 64 22 62 68 67 36 75 20 14 16 6 
33 92 35 63 28 56 64 69 36 28 36 83 47 40 45 43 19 17 82 12 60 32 29 53 21 77 0 48 9 25 70 10 59 21 22 41 97 79 13 21 28 57 10 72 63 18 69 45 33 26 91 50 22 33 48 22 42 8 20 18 58 56 60 44 78 48 59 62 89 89 76 
54 84 83 100 27 30 96 47 84 26 14 78 36 27 55 51 65 33 110 37 79 80 76 49 69 72 48 0 51 73 108 38 11 30 58 61 89 102 59 28 75 64 41 108 69 31 107 11 81 29 82 86 69 17 91 69 53 41 66 66 13 62 16 83 109 36 97 70 76 88 74 
25 85 31 55 35 54 55 65 37 35 41 77 43 38 38 36 13 18 73 14 51 32 25 48 25 71 9 51 0 22 62 15 62 22 13 32 90 70 7 27 24 49 18 64 56 20 61 46 32 33 85 41 17 35 41 26 35 10 14 18 59 49 61 36 69 45 51 55 83 81 69 
39 98 9 45 54 75 50 85 21 54 62 90 63 60 52 51 9 40 69 36 56 15 4 65 18 84 25 73 22 0 50 35 84 44 23 42 103 69 15 47 4 61 36 54 67 42 49 68 14 51 98 34 5 57 25 21 50 32 8 12 81 62 83 28 63 65 39 65 98 92 81 
55 89 45 8 98 96 18 96 66 97 101 82 82 85 60 62 51 77 27 75 42 61 46 75 68 80 70 108 62 50 0 78 117 79 51 49 92 34 57 88 46 60 81 7 63 79 1 99 59 96 90 21 51 92 26 71 60 72 51 62 111 62 111 26 19 82 11 60 94 77 74 
34 88 45 70 20 48 69 62 46 19 26 80 41 33 43 40 28 9 87 5 62 42 39 49 31 74 10 38 15 35 78 0 49 13 26 42 93 82 22 11 38 55 6 79 62 8 76 35 43 18 87 56 31 23 56 31 41 6 29 28 48 54 50 51 83 42 66 61 84 86 73 
62 84 94 109 38 30 104 46 95 37 25 79 40 33 61 58 76 43 117 48 86 91 87 53 80 73 59 11 62 84 117 49 0 40 67 69 89 108 69 39 86 69 52 116 73 42 116 17 92 40 82 95 79 27 101 80 60 52 77 77 9 66 12 92 116 40 106 74 76 90 76 
27 76 53 71 24 34 68 48 58 23 23 68 27 19 34 31 35 4 84 9 56 53 47 37 43 62 21 30 22 44 79 13 40 0 28 36 81 77 29 14 46 46 19 79 52 5 77 24 54 23 75 57 39 13 61 44 32 13 36 39 37 44 39 53 81 29 68 52 72 76 62 
16 76 30 44 46 54 43 62 43 46 50 67 41 39 29 28 14 26 60 23 38 37 23 42 33 62 22 58 13 23 51 26 67 28 0 21 81 57 12 37 22 39 31 52 46 28 50 50 36 44 76 30 18 41 33 36 27 20 15 26 63 39 64 25 57 42 40 44 75 71 59 
8 56 47 41 59 46 34 49 63 58 58 47 32 36 12 13 34 36 48 37 20 57 41 27 54 42 41 61 32 42 49 42 69 36 21 0 60 41 33 49 40 19 48 47 25 39 48 51 56 58 56 29 38 46 42 57 11 36 35 47 62 19 62 29 47 33 40 23 56 50 38 
65 5 107 86 104 59 74 43 124 102 96 13 56 66 52 54 95 85 71 88 52 118 102 44 114 19 97 89 90 103 92 93 89 81 81 60 0 60 93 95 101 41 100 86 35 86 91 78 117 103 7 81 99 83 98 117 54 89 96 107 80 41 77 84 77 54 89 37 13 15 21 
49 58 68 31 100 81 20 76 89 100 100 52 68 75 47 50 65 78 11 78 22 83 65 57 86 52 79 102 70 69 34 82 108 77 57 41 60 0 68 90 65 40 87 28 39 80 34 91 81 99 60 35 67 88 51 89 48 76 65 78 100 43 99 41 17 68 36 36 64 45 45 
28 88 24 50 41 61 51 71 32 41 48 79 49 45 41 39 6 25 70 21 50 26 17 52 21 74 13 59 7 15 57 22 69 29 12 33 93 68 0 33 16 52 24 59 58 27 55 53 26 39 88 37 10 42 34 23 38 17 7 14 66 51 68 31 65 50 45 56 87 83 71 
41 89 57 81 10 43 79 59 56 9 14 82 39 30 48 45 40 12 96 13 69 52 51 50 41 75 21 28 27 47 88 11 39 14 37 49 95 90 33 0 50 60 13 89 66 10 87 27 53 9 88 67 43 15 68 41 46 16 41 39 39 58 41 62 93 41 77 66 84 90 76 
38 96 8 41 57 76 46 84 24 57 64 88 63 61 51 50 10 42 65 38 53 17 1 64 22 83 28 75 24 4 46 38 86 46 22 40 101 65 16 50 0 60 39 50 66 44 45 70 16 55 97 30 6 59 21 25 49 34 9 16 83 60 84 24 59 65 35 63 97 89 79 
23 36 66 53 70 41 43 36 82 69 65 28 29 37 12 15 53 48 50 50 19 76 60 16 73 23 57 64 49 61 60 55 69 46 39 19 41 40 52 60 60 0 62 56 6 50 59 53 75 69 37 44 57 52 59 75 14 50 54 66 61 2 60 45 52 28 54 6 37 31 19 
40 95 45 74 18 54 74 68 43 18 27 87 47 39 50 47 30 15 92 12 68 39 40 56 28 80 10 41 18 36 81 6 52 19 31 48 100 87 24 13 39 62 0 83 68 14 79 39 41 15 94 60 32 27 58 28 47 12 31 26 51 61 54 55 88 48 69 68 91 93 80 
54 83 50 9 99 93 13 93 71 99 102 77 80 83 58 60 54 78 20 76 37 66 50 71 72 75 72 108 64 54 7 79 116 79 52 47 86 28 59 89 50 56 83 0 58 80 7 98 64 97 85 22 54 91 31 75 58 73 54 66 110 59 110 28 12 80 15 55 89 71 69 
30 30 72 56 76 43 45 36 89 75 71 22 33 42 18 21 60 54 49 57 21 82 66 20 80 18 63 69 56 67 63 62 73 52 46 25 35 39 58 66 66 6 68 58 0 56 62 57 82 75 31 48 63 58 64 82 21 57 60 72 64 8 63 50 52 32 57 3 32 25 13 
30 81 51 72 20 39 69 53 54 19 21 73 32 24 38 35 34 2 86 6 59 50 45 42 39 67 18 31 20 42 79 8 42 5 28 39 86 80 27 10 44 50 14 80 56 0 78 27 51 19 80 58 37 15 60 40 36 10 35 36 40 48 42 53 83 34 68 56 77 80 67 
53 88 44 6 96 94 17 95 65 96 100 81 81 83 59 61 50 76 27 73 41 60 45 73 67 79 69 107 61 49 1 76 116 77 50 48 91 34 55 87 45 59 79 7 62 78 0 98 58 94 90 20 49 90 25 70 59 70 50 61 110 61 110 25 19 81 10 59 93 76 73 
44 73 78 91 31 20 86 37 81 29 19 67 24 16 44 41 60 28 99 33 69 77 71 38 66 61 45 11 46 68 99 35 17 24 50 51 78 91 53 27 70 53 39 98 57 27 98 0 78 32 71 77 63 12 84 67 43 37 61 63 13 50 15 74 99 25 89 58 66 77 63 
53 112 14 55 58 87 61 97 7 59 68 104 76 71 66 65 22 50 80 45 69 2 16 78 14 98 33 81 32 14 59 43 92 54 36 56 117 81 26 53 16 75 41 64 82 51 58 78 0 56 112 45 18 66 33 16 64 41 21 15 91 76 93 40 73 77 49 79 112 106 95 
49 98 61 88 2 50 87 66 57 3 14 90 47 38 57 54 46 21 104 21 78 54 55 59 42 84 26 29 33 51 96 18 40 23 44 58 103 99 39 9 55 69 15 97 75 19 94 32 56 0 97 74 48 21 74 41 55 24 46 42 42 67 45 69 101 49 84 75 93 98 84 
60 2 103 84 97 52 72 36 119 96 89 8 49 59 47 48 90 79 71 82 50 113 98 38 109 14 91 82 85 98 90 87 82 75 76 56 7 60 88 88 97 37 94 85 31 80 90 71 112 97 0 79 94 76 95 111 49 83 91 102 73 36 70 81 77 48 87 34 7 16 17 
34 78 32 14 76 75 16 78 53 76 79 70 61 63 41 42 32 55 35 53 29 47 30 56 52 66 50 86 41 34 21 56 95 57 30 29 81 35 37 67 30 44 60 22 48 58 20 77 45 74 79 0 33 70 17 55 40 50 32 45 90 46 90 6 29 62 11 45 81 68 61 
34 94 14 45 50 70 49 80 25 50 58 85 58 55 47 46 4 36 68 31 52 19 7 60 19 80 22 69 17 5 51 31 79 39 18 38 99 67 10 43 6 57 32 54 63 37 49 63 18 48 94 33 0 52 26 22 45 27 3 12 76 57 78 27 62 59 39 61 93 87 77 
38 78 66 84 21 29 80 45 69 19 13 71 27 17 41 38 49 16 95 21 65 65 60 40 54 64 33 17 35 57 92 23 27 13 41 46 83 88 42 15 59 52 27 91 58 15 90 12 66 21 76 70 52 0 74 54 40 25 50 51 25 50 27 66 93 28 81 58 72 80 66 
44 94 19 22 76 85 30 91 40 76 82 86 72 72 54 55 28 58 48 55 46 35 20 69 42 82 48 91 41 25 26 56 101 61 33 42 98 51 34 68 21 59 58 31 64 60 25 84 33 74 95 17 26 74 0 45 53 51 27 37 97 60 98 13 41 73 16 61 96 84 77 
52 112 27 66 43 79 71 91 15 44 55 103 69 63 64 62 24 40 90 35 74 14 25 75 3 97 22 69 26 21 71 31 80 44 36 57 117 89 23 41 25 75 28 75 82 40 70 67 16 41 111 55 22 54 45 0 62 31 23 10 79 75 82 49 84 71 60 80 110 107 95 
10 49 56 52 56 35 44 38 70 55 52 41 21 27 2 2 41 34 56 35 26 64 50 16 60 35 42 53 35 50 60 41 60 32 27 11 54 48 38 46 49 14 47 58 21 36 59 43 64 55 49 40 45 40 53 62 0 36 42 53 53 13 52 40 56 22 51 20 48 46 33 
28 84 41 64 26 47 63 60 44 25 31 76 38 31 38 35 24 9 80 4 56 40 35 45 30 69 8 41 10 32 72 6 52 13 20 36 89 76 17 16 34 50 12 73 57 10 70 37 41 24 83 50 27 25 51 31 36 0 25 26 50 49 52 45 77 40 60 56 81 82 68 
31 91 17 45 48 67 48 76 28 49 55 82 55 52 44 43 1 33 67 29 50 22 10 57 20 77 20 66 14 8 51 29 77 36 15 35 96 65 7 41 9 54 31 54 60 35 50 61 21 46 91 32 3 50 27 23 42 25 0 13 74 54 75 26 61 56 39 58 90 85 74 
42 102 20 57 44 73 61 84 18 44 53 94 62 57 55 53 13 35 80 30 63 14 16 66 7 88 18 66 18 12 62 28 77 39 26 47 107 78 14 39 16 66 26 66 72 36 61 63 15 42 102 45 12 51 37 10 53 26 13 0 76 65 78 39 74 63 51 70 101 97 85 
56 75 91 103 40 21 97 37 94 39 27 70 32 26 53 50 73 41 109 46 78 90 84 44 79 64 58 13 59 81 111 48 9 37 63 62 80 100 66 39 83 61 51 110 64 40 110 13 91 42 73 90 76 25 97 79 53 50 74 76 0 58 3 87 109 32 101 66 67 81 68 
23 36 67 55 68 38 45 34 82 67 63 28 26 34 11 13 53 46 53 49 22 76 61 14 73 22 56 62 49 62 62 54 66 44 39 19 41 43 51 58 60 2 61 59 8 48 61 50 76 67 36 46 57 50 60 75 13 49 54 65 58 0 57 47 55 26 56 8 36 32 20 
56 72 92 103 43 19 97 34 96 42 31 67 31 26 53 50 74 43 108 48 77 92 85 43 81 62 60 16 61 83 111 50 12 39 64 62 77 99 68 41 84 60 54 110 63 42 110 15 93 45 70 90 78 27 98 82 52 52 75 78 3 57 0 87 109 31 101 64 64 78 65 
32 80 26 19 71 74 22 78 47 71 75 72 60 61 41 42 26 51 41 48 32 41 24 56 46 68 44 83 36 28 26 51 92 53 25 29 84 41 31 62 24 45 55 28 50 53 25 74 40 69 81 6 27 66 13 49 40 45 26 39 87 47 87 0 35 61 14 47 82 71 63 
54 75 59 18 103 91 13 89 81 102 104 69 78 83 56 58 61 81 8 80 32 75 59 68 81 67 78 109 69 63 19 83 116 81 57 47 77 17 65 93 59 52 88 12 52 83 19 99 73 101 77 29 62 93 41 84 56 77 61 74 109 55 109 35 0 78 25 49 81 62 61 
29 49 72 74 49 13 67 20 82 48 41 42 1 11 22 20 55 33 77 37 46 77 66 12 69 36 48 36 45 65 82 42 40 29 42 33 54 68 50 41 65 28 48 80 32 34 81 25 77 49 48 62 59 28 73 71 22 40 56 63 32 26 31 61 78 0 73 34 43 52 38 
45 85 35 6 86 86 16 88 56 86 90 78 73 75 52 53 40 66 32 63 37 51 35 66 57 75 59 97 51 39 11 66 106 68 40 40 89 36 45 77 35 54 69 15 57 68 10 89 49 84 87 11 39 81 16 60 51 60 39 51 101 56 101 14 25 73 0 54 89 74 69 
29 33 70 53 76 45 42 39 87 75 71 25 34 43 18 21 58 54 47 56 18 80 64 21 78 20 62 70 55 65 60 61 74 52 44 23 37 36 56 66 63 6 68 55 3 56 59 58 79 75 34 45 61 58 61 80 20 56 58 70 66 8 64 47 49 34 54 0 35 26 16 
59 10 103 87 93 46 76 30 119 91 84 12 45 55 46 47 90 76 76 79 52 112 97 35 108 14 89 76 83 98 94 84 76 72 75 56 13 64 87 84 97 37 91 89 32 77 93 66 112 93 7 81 93 72 96 110 48 81 90 101 67 36 64 82 81 43 89 35 0 22 20 
55 13 95 71 99 59 59 46 113 98 93 12 53 63 43 46 84 79 56 81 38 106 90 40 104 16 89 88 81 92 77 86 90 76 71 50 15 45 83 90 89 31 93 71 25 80 76 77 106 98 16 68 87 80 84 107 46 82 85 97 81 32 78 71 62 52 74 26 22 0 14 
43 17 86 67 85 46 56 34 102 84 79 8 39 49 31 33 73 65 57 68 32 96 80 26 93 6 76 74 69 81 74 73 76 62 59 38 21 45 71 76 79 19 80 69 13 67 73 63 95 84 17 61 77 66 77 95 33 68 74 85 68 20 65 63 61 38 69 16 20 14 0 
