20 20 19
18 12 23 22 20 12 7 11 10 18 14 16 16 10 13 7 6 14 21 13 
34 28 33 31 30 32 31 33 29 34 30 35 35 30 33 28 32 33 31 
0 42 47 33 30 49 27 8 45 28 25 7 52 24 47 20 19 36 20 16 49 56 51 61 46 25 53 58 49 18 33 12 36 48 38 55 58 53 29 48 44 41 60 14 41 41 25 36 17 31 24 42 21 62 45 45 52 25 49 20 47 47 56 42 47 18 60 7 20 42 24 29 16 46 30 20 18 57 46 53 68 
42 0 59 48 55 76 28 34 80 61 68 35 63 64 89 60 30 35 40 38 35 15 38 79 68 64 71 80 90 25 45 53 8 55 53 27 80 86 53 26 8 39 66 52 61 21 64 58 59 32 22 3 26 27 58 20 55 25 42 34 61 42 50 26 42 60 85 49 33 62 43 13 57 89 54 59 47 67 66 75 91 
47 59 0 13 20 95 31 49 38 74 52 46 98 44 77 63 35 77 28 32 31 63 89 20 15 67 14 24 84 42 78 56 51 93 9 46 23 39 76 80 66 20 106 38 88 39 68 83 51 72 58 61 58 58 2 75 96 62 23 31 4 21 98 34 88 55 30 50 32 11 71 54 45 73 77 39 29 103 13 19 33 
33 48 13 0 12 82 19 35 37 61 43 32 85 35 68 51 21 63 14 18 27 55 75 31 20 55 24 32 74 29 64 44 39 79 5 41 32 41 62 67 55 15 92 26 74 31 56 70 39 58 45 49 44 52 12 62 82 48 22 17 14 19 84 27 74 43 37 38 18 14 57 41 33 65 63 29 17 89 18 27 43 
30 55 20 12 0 76 27 34 25 55 32 31 82 25 57 43 25 64 15 19 39 64 77 30 16 47 23 29 64 32 63 37 47 78 11 52 29 31 59 71 61 27 90 18 71 41 48 66 31 59 47 56 46 63 18 66 82 50 34 21 18 31 85 38 75 35 31 32 22 12 55 46 25 54 59 19 12 87 15 23 39 
49 76 95 82 76 0 75 50 81 21 51 53 24 57 45 34 67 43 69 65 96 91 53 106 91 31 99 102 37 62 31 39 74 30 86 98 102 89 23 62 72 90 34 58 16 85 30 17 47 44 53 73 50 102 93 63 36 50 98 69 94 96 46 88 45 43 101 44 69 88 32 64 52 50 22 60 66 27 92 97 110 
27 28 31 19 27 75 0 25 52 55 48 22 72 42 72 48 8 47 13 14 21 37 58 51 39 52 43 52 76 13 51 40 20 65 25 29 51 58 53 49 35 15 78 29 64 15 53 60 41 42 28 30 29 38 30 43 68 32 23 8 33 21 67 15 57 43 56 34 7 33 45 22 36 70 54 36 21 76 37 46 62 
8 34 49 35 34 50 25 0 52 30 33 3 49 32 54 26 17 30 21 17 46 49 44 65 50 30 57 63 55 13 29 18 29 44 40 50 63 60 28 40 36 40 56 21 39 36 30 35 25 24 16 34 13 57 47 37 47 17 48 19 49 46 50 38 40 25 65 14 19 46 21 21 24 54 29 28 22 54 50 58 73 
45 80 38 37 25 81 52 52 0 60 30 50 93 24 47 48 50 82 40 42 64 90 96 32 23 50 29 26 56 55 77 46 72 91 34 78 27 8 69 92 85 52 103 31 80 66 51 75 35 77 68 81 65 89 36 88 96 70 58 46 33 56 101 64 92 38 22 43 47 26 68 69 31 42 70 25 33 98 25 24 31 
28 61 74 61 55 21 55 30 60 0 31 32 34 36 35 12 47 37 48 44 77 77 50 84 70 11 77 80 31 43 25 17 58 34 64 81 81 69 13 55 60 69 44 36 20 66 10 16 26 34 38 60 35 86 72 54 40 36 77 48 73 75 49 69 43 22 80 23 48 67 20 48 31 38 13 38 44 38 70 76 89 
25 68 52 43 32 51 48 33 30 31 0 32 64 8 25 18 41 58 35 33 67 81 73 57 44 19 52 52 31 42 50 19 61 63 44 77 53 38 41 73 70 56 74 18 51 63 21 46 9 54 49 68 46 86 50 70 69 50 65 39 50 62 75 62 67 10 51 20 40 43 42 55 11 22 41 13 28 69 45 48 60 
7 35 46 32 31 53 22 3 50 32 32 0 52 30 54 27 14 33 17 13 44 49 47 61 47 31 53 60 56 11 32 19 29 47 37 48 60 57 31 42 37 37 60 19 43 34 31 38 24 28 18 35 15 55 44 39 51 20 45 16 46 43 53 36 44 25 62 14 16 42 25 22 22 53 32 26 19 57 46 54 70 
52 63 98 85 82 24 72 49 93 34 64 52 0 68 66 46 65 28 70 66 91 78 32 113 98 45 105 110 60 58 20 47 65 8 89 90 110 101 24 43 57 88 10 65 13 78 44 18 58 32 45 61 43 91 97 47 12 41 95 68 98 93 23 82 24 54 111 51 68 94 27 55 62 70 23 69 70 5 98 105 120 
24 64 44 35 25 57 42 32 24 36 8 30 68 0 32 23 36 59 29 28 60 77 74 50 36 25 44 45 39 38 53 21 57 67 36 71 46 33 44 72 67 49 78 12 55 57 27 50 10 54 48 64 45 80 42 69 72 49 57 33 42 54 77 56 69 14 44 19 34 35 44 51 8 29 45 6 21 73 37 41 53 
47 89 77 68 57 45 72 54 47 35 25 54 66 32 0 29 65 71 60 58 92 103 85 79 66 25 74 73 10 65 60 35 83 69 69 101 74 54 48 88 89 81 77 43 53 87 26 50 31 68 67 88 64 109 75 86 75 67 90 63 74 87 84 87 78 29 69 40 64 66 53 75 35 5 48 38 53 70 67 70 78 
20 60 63 51 43 34 48 26 48 12 18 27 46 23 29 0 40 43 38 35 70 75 58 72 57 4 65 68 29 38 33 8 55 45 54 76 68 56 22 59 60 60 56 25 32 61 5 28 13 39 38 59 35 83 61 57 51 38 69 40 61 66 58 63 51 9 67 13 40 55 26 47 18 30 23 26 34 50 58 63 77 
19 30 35 21 25 67 8 17 50 47 41 14 65 36 65 40 0 42 10 8 30 41 53 53 40 44 45 53 68 7 44 32 22 59 27 36 53 56 45 46 35 23 71 23 56 21 45 52 33 36 23 31 23 44 33 41 61 27 31 4 36 29 62 22 52 36 57 26 3 34 37 20 30 63 46 30 17 69 39 47 64 
36 35 77 63 64 43 47 30 82 37 58 33 28 59 71 43 42 0 50 45 65 50 15 94 80 45 86 93 68 35 12 39 37 20 69 62 93 90 24 18 29 63 31 51 27 50 44 26 50 5 19 32 19 62 76 20 20 15 69 46 78 68 20 55 10 48 96 39 45 75 17 27 51 73 25 57 52 32 79 87 103 
20 40 28 14 15 69 13 21 40 48 35 17 70 29 60 38 10 50 0 4 32 50 62 44 31 43 36 44 65 16 50 31 32 65 19 42 43 46 48 55 45 22 78 17 60 28 43 56 29 44 32 41 31 51 26 51 68 35 30 6 28 28 70 27 60 32 47 25 7 25 42 30 24 58 49 22 8 75 30 38 54 
16 38 32 18 19 65 14 17 42 44 33 13 66 28 58 35 8 45 4 0 34 49 58 48 35 39 41 48 62 13 46 27 30 61 23 43 47 48 44 52 43 25 73 15 56 29 40 51 27 40 28 39 27 52 30 47 64 31 33 5 33 31 66 29 56 30 51 21 6 29 38 27 22 56 45 22 9 71 34 42 58 
49 35 31 27 39 96 21 46 64 77 67 44 91 60 92 70 30 65 32 34 0 34 72 51 45 74 45 55 97 34 71 62 29 84 31 15 54 68 74 61 44 12 96 49 85 14 75 81 61 60 46 38 48 27 31 55 85 50 8 29 35 10 83 9 74 64 61 56 29 39 66 37 56 90 75 54 39 96 42 50 64 
56 15 63 55 64 91 37 49 90 77 81 49 78 77 103 75 41 50 50 49 34 0 50 83 75 79 77 86 105 38 60 68 20 69 60 21 85 95 69 37 20 42 79 65 76 24 79 74 73 47 38 17 42 14 62 32 68 41 42 44 66 43 63 28 55 74 92 63 43 69 59 29 70 103 69 71 58 81 73 81 96 
51 38 89 75 77 53 58 44 96 50 73 47 32 74 85 58 53 15 62 58 72 50 0 107 93 60 99 106 82 46 25 54 42 24 81 66 106 104 38 13 30 73 30 65 37 57 59 38 65 19 30 35 31 64 87 18 20 27 78 58 90 77 13 63 8 63 109 54 57 88 32 35 66 88 38 72 66 34 92 101 117 
61 79 20 31 30 106 51 65 32 84 57 61 113 50 79 72 53 94 44 48 51 83 107 0 14 75 7 7 88 60 94 67 71 109 26 66 5 29 89 99 86 41 121 48 101 60 76 96 59 89 76 81 75 78 21 94 112 80 43 49 17 41 115 55 105 63 14 62 50 19 85 73 53 74 90 46 42 118 15 9 13 
46 68 15 20 16 91 39 50 23 70 44 47 98 36 66 57 40 80 31 35 45 75 93 14 0 61 8 13 75 47 79 52 60 94 15 59 12 23 74 86 75 33 106 33 86 51 62 81 44 75 63 70 62 71 14 81 98 66 37 36 10 35 101 47 91 48 17 47 37 6 71 60 38 62 75 32 28 103 2 7 23 
25 64 67 55 47 31 52 30 50 11 19 31 45 25 25 4 44 45 43 39 74 79 60 75 61 0 69 71 25 43 35 12 60 46 58 80 71 58 23 62 64 65 55 29 32 66 1 27 16 42 42 63 39 87 65 61 51 41 73 44 65 71 59 67 53 12 70 18 45 58 28 51 22 28 23 29 38 50 61 66 79 
53 71 14 24 23 99 43 57 29 77 52 53 105 44 74 65 45 86 36 41 45 77 99 7 8 69 0 10 83 52 86 60 63 101 18 60 9 28 82 91 79 34 113 41 94 53 70 89 52 81 68 73 67 72 14 86 105 72 37 41 10 35 107 48 97 56 16 55 42 11 78 65 46 69 83 40 35 110 7 6 19 
58 80 24 32 29 102 52 63 26 80 52 60 110 45 73 68 53 93 44 48 55 86 106 7 13 71 10 0 82 60 92 64 72 106 27 70 1 21 86 99 88 44 119 45 98 62 72 93 55 88 76 82 75 82 24 94 111 79 47 49 20 45 114 58 104 59 7 59 50 18 83 73 49 68 87 42 41 115 14 5 10 
49 90 84 74 64 37 76 55 56 31 31 56 60 39 10 29 68 68 65 62 97 105 82 88 75 25 83 82 0 68 56 37 85 64 76 105 83 64 44 86 90 87 70 48 48 90 25 45 35 66 68 89 64 112 82 85 70 66 95 68 82 93 79 91 74 32 79 42 68 74 51 76 41 16 44 45 58 63 76 79 88 
18 25 42 29 32 62 13 13 55 43 42 11 58 38 65 38 7 35 16 13 34 38 46 60 47 43 52 60 68 0 38 30 18 52 34 37 60 61 40 39 30 29 65 26 51 23 43 47 34 29 16 26 16 44 41 34 55 20 36 11 43 34 55 25 45 36 63 25 10 41 32 14 31 64 41 33 22 63 46 54 70 
33 45 78 64 63 31 51 29 77 25 50 32 20 53 60 33 44 12 50 46 71 60 25 94 79 35 86 92 56 38 0 31 45 15 69 70 92 85 12 31 41 67 27 47 15 58 34 14 42 13 25 43 23 72 77 32 19 21 74 47 79 73 25 62 18 40 93 33 47 75 8 35 45 63 12 52 51 25 79 86 101 
12 53 56 44 37 39 40 18 46 17 19 19 47 21 35 8 32 39 31 27 62 68 54 67 52 12 60 64 37 30 31 0 48 45 47 67 64 54 23 54 54 53 56 19 34 53 13 29 11 35 32 52 28 75 54 52 50 32 61 32 55 59 56 55 48 9 64 6 32 49 23 39 14 36 24 22 27 52 52 59 73 
36 8 51 39 47 74 20 29 72 58 61 29 65 57 83 55 22 37 32 30 29 20 42 71 60 60 63 72 85 18 45 48 0 57 45 25 72 78 51 31 15 32 68 45 60 14 60 57 53 33 20 10 23 28 50 25 57 24 35 26 53 35 54 20 45 54 77 43 25 54 42 10 50 83 52 52 39 69 58 67 82 
48 55 93 79 78 30 65 44 91 34 63 47 8 67 69 45 59 20 65 61 84 69 24 109 94 46 101 106 64 52 15 45 57 0 84 82 107 100 22 34 49 81 12 62 16 70 44 19 56 24 37 52 36 82 91 38 6 33 88 62 94 86 15 75 15 53 108 48 62 90 23 47 60 72 22 66 66 12 94 101 116 
38 53 9 5 11 86 25 40 34 64 44 37 89 36 69 54 27 69 19 23 31 60 81 26 15 58 18 27 76 34 69 47 45 84 0 45 26 37 67 73 60 18 97 29 79 36 59 74 42 63 50 55 50 56 7 68 88 54 24 23 9 21 89 32 79 46 32 41 24 9 62 47 36 65 68 30 20 94 13 21 37 
55 27 46 41 52 98 29 50 78 81 77 48 90 71 101 76 36 62 42 43 15 21 66 66 59 80 60 70 105 37 70 67 25 82 45 0 69 82 75 53 36 26 93 58 85 14 80 82 70 58 45 31 48 12 46 48 82 49 23 37 50 25 78 14 69 72 76 62 36 53 66 35 65 99 76 64 50 94 57 65 79 
58 80 23 32 29 102 51 63 27 81 53 60 110 46 74 68 53 93 43 47 54 85 106 5 12 71 9 1 83 60 92 64 72 107 26 69 0 23 87 99 87 43 119 45 99 61 73 94 55 87 76 82 74 81 23 94 111 79 46 48 19 44 114 57 104 59 8 59 49 18 83 73 50 69 87 42 41 115 13 5 10 
53 86 39 41 31 89 58 60 8 69 38 57 101 33 54 56 56 90 46 48 68 95 104 29 23 58 28 21 64 61 85 54 78 100 37 82 23 0 77 100 91 55 111 38 89 71 59 84 43 85 75 87 73 93 38 96 104 77 61 52 34 58 109 68 100 47 16 51 53 28 77 76 40 48 78 33 39 106 26 22 25 
29 53 76 62 59 23 53 28 69 13 41 31 24 44 48 22 45 24 48 44 74 69 38 89 74 23 82 86 44 40 12 23 51 22 67 75 87 77 0 43 50 68 33 41 12 62 22 7 34 23 30 51 27 79 74 43 28 27 76 47 76 74 36 65 30 31 87 27 47 71 9 41 38 51 1 45 47 29 74 81 96 
48 26 80 67 71 62 49 40 92 55 73 42 43 72 88 59 46 18 55 52 61 37 13 99 86 62 91 99 86 39 31 54 31 34 73 53 99 100 43 0 17 62 43 62 45 46 61 45 64 20 24 22 27 51 79 5 32 23 67 50 82 66 26 51 19 63 103 53 49 81 34 26 64 90 43 68 60 46 85 94 110 
44 8 66 55 61 72 35 36 85 60 70 37 57 67 89 60 35 29 45 43 44 20 30 86 75 64 79 88 90 30 41 54 15 49 60 36 87 91 50 17 0 47 59 56 56 29 64 54 61 27 21 5 25 34 65 12 48 23 50 39 69 50 43 35 35 62 92 50 38 69 41 16 60 90 51 63 52 61 73 82 98 
41 39 20 15 27 90 15 40 52 69 56 37 88 49 81 60 23 63 22 25 12 42 73 41 33 65 34 44 87 29 67 53 32 81 18 26 43 55 68 62 47 0 93 38 79 19 65 75 51 58 44 42 44 38 20 57 83 48 8 21 24 6 83 14 73 54 50 47 21 27 61 37 46 79 69 43 28 92 31 39 53 
60 66 106 92 90 34 78 56 103 44 74 60 10 78 77 56 71 31 78 73 96 79 30 121 106 55 113 119 70 65 27 56 68 12 97 93 119 111 33 43 59 93 0 74 23 82 54 28 67 36 50 63 49 93 104 47 11 45 100 75 106 99 18 87 24 64 120 60 74 102 35 59 71 81 33 78 78 7 106 113 128 
14 52 38 26 18 58 29 21 31 36 18 19 65 12 43 25 23 51 17 15 49 65 65 48 33 29 41 45 48 26 47 19 45 62 29 58 45 38 41 62 56 38 74 0 53 45 30 48 13 46 37 52 34 68 36 58 66 39 46 21 36 44 71 44 61 17 45 14 22 30 38 40 7 41 42 7 9 70 33 39 54 
41 61 88 74 71 16 64 39 80 20 51 43 13 55 53 32 56 27 60 56 85 76 37 101 86 32 94 98 48 51 15 34 60 16 79 85 99 89 12 45 56 79 23 53 0 72 30 5 45 29 39 58 37 88 86 47 22 36 87 59 88 85 31 76 29 41 99 39 59 83 19 50 49 57 11 56 59 18 86 93 108 
41 21 39 31 41 85 15 36 66 66 63 34 78 57 87 61 21 50 28 29 14 24 57 60 51 66 53 62 90 23 58 53 14 70 36 14 61 71 62 46 29 19 82 45 72 0 66 68 55 46 33 24 35 23 39 40 71 37 21 23 42 21 69 5 59 58 68 48 22 45 53 23 51 85 63 51 36 82 49 57 72 
25 64 68 56 48 30 53 30 51 10 21 31 44 27 26 5 45 44 43 40 75 79 59 76 62 1 70 72 25 43 34 13 60 44 59 80 73 59 22 61 64 65 54 30 30 66 0 26 17 41 42 63 38 87 66 60 50 41 74 45 66 72 58 67 52 13 71 18 45 60 27 50 23 29 22 30 39 48 62 68 80 
36 58 83 70 66 17 60 35 75 16 46 38 18 50 50 28 52 26 56 51 81 74 38 96 81 27 89 93 45 47 14 29 57 19 74 82 94 84 7 45 54 75 28 48 5 68 26 0 40 27 36 56 33 85 81 46 25 33 83 54 83 81 34 72 30 36 94 34 54 78 15 47 44 53 6 51 54 22 81 88 103 
17 59 51 39 31 47 41 25 35 26 9 24 58 10 31 13 33 50 29 27 61 73 65 59 44 16 52 55 35 34 42 11 53 56 42 70 55 43 34 64 61 51 67 13 45 55 17 40 0 45 40 59 37 78 49 61 61 41 60 32 49 57 67 56 59 4 54 11 33 42 34 46 6 30 34 12 23 63 45 50 63 
31 32 72 58 59 44 42 24 77 34 54 28 32 54 68 39 36 5 44 40 60 47 19 89 75 42 81 88 66 29 13 35 33 24 63 58 87 85 23 20 27 58 36 46 29 46 41 27 45 0 13 29 13 59 70 20 25 9 64 40 73 63 26 50 16 44 90 34 40 70 14 23 46 70 24 52 47 36 74 82 98 
24 22 58 45 47 53 28 16 68 38 49 18 45 48 67 38 23 19 32 28 46 38 30 76 63 42 68 76 68 16 25 32 20 37 50 45 76 75 30 24 21 44 50 37 39 33 42 36 40 13 0 21 3 48 57 21 39 4 50 27 60 49 39 37 29 40 79 29 26 57 21 10 40 68 31 44 36 49 62 70 86 
42 3 61 49 56 73 30 34 81 60 68 35 61 64 88 59 31 32 41 39 38 17 35 81 70 63 73 82 89 26 43 52 10 52 55 31 82 87 51 22 5 42 63 52 58 24 63 56 59 29 21 0 24 30 60 17 52 23 45 35 63 45 47 29 39 59 87 48 34 64 41 13 57 88 52 59 48 64 68 77 93 
21 26 58 44 46 50 29 13 65 35 46 15 43 45 64 35 23 19 31 27 48 42 31 75 62 39 67 75 64 16 23 28 23 36 50 48 74 73 27 27 25 44 49 34 37 35 38 33 37 13 3 24 0 51 56 24 38 4 51 27 59 50 39 39 29 37 77 26 26 56 18 13 37 65 28 41 34 48 61 69 85 
62 27 58 52 63 102 38 57 89 86 86 55 91 80 109 83 44 62 51 52 27 14 64 78 71 87 72 82 112 44 72 75 28 82 56 12 81 93 79 51 34 38 93 68 88 23 87 85 78 59 48 30 51 0 58 46 82 52 35 46 62 37 77 25 69 80 88 70 46 65 70 38 74 108 80 74 60 94 69 77 91 
45 58 2 12 18 93 30 47 36 72 50 44 97 42 75 61 33 76 26 30 31 62 87 21 14 65 14 24 82 41 77 54 50 91 7 46 23 38 74 79 65 20 104 36 86 39 66 81 49 70 57 60 56 58 0 73 95 60 23 29 4 21 96 34 86 53 30 49 30 9 69 52 43 71 75 37 27 101 12 19 33 
45 20 75 62 66 63 43 37 88 54 70 39 47 69 86 57 41 20 51 47 55 32 18 94 81 61 86 94 85 34 32 52 25 38 68 48 94 96 43 5 12 57 47 58 47 40 60 46 61 20 21 17 24 46 73 0 36 20 61 45 77 61 31 46 23 60 98 50 44 76 34 21 61 88 44 65 56 50 80 89 105 
52 55 96 82 82 36 68 47 96 40 69 51 12 72 75 51 61 20 68 64 85 68 20 112 98 51 105 111 70 55 19 50 57 6 88 82 111 104 28 32 48 83 11 66 22 71 50 25 61 25 39 52 38 82 95 36 0 35 90 65 97 88 10 76 13 59 112 53 65 93 27 48 64 78 28 71 70 13 97 105 120 
25 25 62 48 50 50 32 17 70 36 50 20 41 49 67 38 27 15 35 31 50 41 27 80 66 41 72 79 66 20 21 32 24 33 54 49 79 77 27 23 23 48 45 39 36 37 41 33 41 9 4 23 4 52 60 20 35 0 54 31 63 53 35 41 25 40 82 30 30 61 18 14 41 68 28 45 38 45 65 73 89 
49 42 23 22 34 98 23 48 58 77 65 45 95 57 90 69 31 69 30 33 8 42 78 43 37 73 37 47 95 36 74 61 35 88 24 23 46 61 76 67 50 8 100 46 87 21 74 83 60 64 50 45 51 35 23 61 90 54 0 29 27 2 89 15 79 63 53 55 29 32 68 42 54 87 77 51 37 99 35 42 56 
20 34 31 17 21 69 8 19 46 48 39 16 68 33 63 40 4 46 6 5 29 44 58 49 36 44 41 49 68 11 47 32 26 62 23 37 48 52 47 50 39 21 75 21 59 23 45 54 32 40 27 35 27 46 29 45 65 31 29 0 32 27 66 23 56 35 52 26 1 30 40 24 28 62 48 27 13 73 34 43 59 
47 61 4 14 18 94 33 49 33 73 50 46 98 42 74 61 36 78 28 33 35 66 90 17 10 65 10 20 82 43 79 55 53 94 9 50 19 34 76 82 69 24 106 36 88 42 66 83 49 73 60 63 59 62 4 77 97 63 27 32 0 25 99 38 89 53 26 50 33 7 71 56 43 70 77 37 28 103 8 15 29 
47 42 21 19 31 96 21 46 56 75 62 43 93 54 87 66 29 68 28 31 10 43 77 41 35 71 35 45 93 34 73 59 35 86 21 25 44 58 74 66 50 6 99 44 85 21 72 81 57 63 49 45 50 37 21 61 88 53 2 27 25 0 88 15 78 60 51 53 27 30 66 41 51 84 75 48 34 98 33 40 54 
56 50 98 84 85 46 67 50 101 49 75 53 23 77 84 58 62 20 70 66 83 63 13 115 101 59 107 114 79 55 25 56 54 15 89 78 114 109 36 26 43 83 18 71 31 69 58 34 67 26 39 47 39 77 96 31 10 35 89 66 99 88 0 74 10 65 116 58 66 96 33 46 70 87 36 76 73 23 100 108 124 
42 26 34 27 38 88 15 38 64 69 62 36 82 56 87 63 22 55 27 29 9 28 63 55 47 67 48 58 91 25 62 55 20 75 32 14 57 68 65 51 35 14 87 44 76 5 67 72 56 50 37 29 39 25 34 46 76 41 15 23 38 15 74 0 64 58 64 49 22 41 57 28 51 85 66 50 35 86 45 53 67 
47 42 88 74 75 45 57 40 92 43 67 44 24 69 78 51 52 10 60 56 74 55 8 105 91 53 97 104 74 45 18 48 45 15 79 69 104 100 30 19 35 73 24 61 29 59 52 30 59 16 29 39 29 69 86 23 13 25 79 56 89 78 10 64 0 57 106 49 56 86 25 36 61 81 30 67 63 26 90 98 114 
18 60 55 43 35 43 43 25 38 22 10 25 54 14 29 9 36 48 32 30 64 74 63 63 48 12 56 59 32 36 40 9 54 53 46 72 59 47 31 63 62 54 64 17 41 58 13 36 4 44 40 59 37 80 53 60 59 40 63 35 53 60 65 58 57 0 58 11 36 46 32 46 10 28 31 16 26 59 49 54 67 
60 85 30 37 31 101 56 65 22 80 51 62 111 44 69 67 57 96 47 51 61 92 109 14 17 70 16 7 79 63 93 64 77 108 32 76 8 16 87 103 92 50 120 45 99 68 71 94 54 90 79 87 77 88 30 98 112 82 53 52 26 51 116 64 106 58 0 60 53 23 84 77 49 64 88 42 43 116 19 11 9 
7 49 50 38 32 44 34 14 43 23 20 14 51 19 40 13 26 39 25 21 56 63 54 62 47 18 55 59 42 25 33 6 43 48 41 62 59 51 27 53 50 47 60 14 39 48 18 34 11 34 29 48 26 70 49 50 53 30 55 26 50 53 58 49 49 11 60 0 26 44 25 35 12 39 28 18 21 56 47 54 69 
20 33 32 18 22 69 7 19 47 48 40 16 68 34 64 40 3 45 7 6 29 43 57 50 37 45 42 50 68 10 47 32 25 62 24 36 49 53 47 49 38 21 74 22 59 22 45 54 33 40 26 34 26 46 30 44 65 30 29 1 33 27 66 22 56 36 53 26 0 31 40 23 29 62 48 28 14 72 35 44 60 
42 62 11 14 12 88 33 46 26 67 43 42 94 35 66 55 34 75 25 29 39 69 88 19 6 58 11 18 74 41 75 49 54 90 9 53 18 28 71 81 69 27 102 30 83 45 60 78 42 70 57 64 56 65 9 76 93 61 32 30 7 30 96 41 86 46 23 44 31 0 66 55 36 62 72 30 23 99 4 13 29 
24 43 71 57 55 32 45 21 68 20 42 25 27 44 53 26 37 17 42 38 66 59 32 85 71 28 78 83 51 32 8 23 42 23 62 66 83 77 9 34 41 61 35 38 19 53 27 15 34 14 21 41 18 70 69 34 27 18 68 40 71 66 33 57 25 32 84 25 40 66 0 31 37 56 10 43 43 32 70 78 93 
29 13 54 41 46 64 22 21 69 48 55 22 55 51 75 47 20 27 30 27 37 29 35 73 60 51 65 73 76 14 35 39 10 47 47 35 73 76 41 26 16 37 59 40 50 23 50 47 46 23 10 13 13 38 52 21 48 14 42 24 56 41 46 28 36 46 77 35 23 55 31 0 44 75 42 47 36 59 59 67 84 
16 57 45 33 25 52 36 24 31 31 11 22 62 8 35 18 30 51 24 22 56 70 66 53 38 22 46 49 41 31 45 14 50 60 36 65 50 40 38 64 60 46 71 7 49 51 23 44 6 46 40 57 37 74 43 61 64 41 54 28 43 51 70 51 61 10 49 12 29 36 37 44 0 33 38 7 17 67 39 44 58 
46 89 73 65 54 50 70 54 42 38 22 53 70 29 5 30 63 73 58 56 90 103 88 74 62 28 69 68 16 64 63 36 83 72 65 99 69 48 51 90 90 79 81 41 57 85 29 53 30 70 68 88 65 108 71 88 78 68 87 62 70 84 87 85 81 28 64 39 62 62 56 75 33 0 51 36 50 74 63 65 73 
30 54 77 63 59 22 54 29 70 13 41 32 23 45 48 23 46 25 49 45 75 69 38 90 75 23 83 87 44 41 12 24 52 22 68 76 87 78 1 43 51 69 33 42 11 63 22 6 34 24 31 52 28 80 75 44 28 28 77 48 77 75 36 66 30 31 88 28 48 72 10 42 38 51 0 46 48 28 75 82 97 
20 59 39 29 19 60 36 28 25 38 13 26 69 6 38 26 30 57 22 22 54 71 72 46 32 29 40 42 45 33 52 22 52 66 30 64 42 33 45 68 63 43 78 7 56 51 30 51 12 52 44 59 41 74 37 65 71 45 51 27 37 48 76 50 67 16 42 18 28 30 43 47 7 36 46 0 14 74 32 37 51 
18 47 29 17 12 66 21 22 33 44 28 19 70 21 53 34 17 52 8 9 39 58 66 42 28 38 35 41 58 22 51 27 39 66 20 50 41 39 47 60 52 28 78 9 59 36 39 54 23 47 36 48 34 60 27 56 70 38 37 13 28 34 73 35 63 26 43 21 14 23 43 36 17 50 48 14 0 75 27 35 51 
57 67 103 89 87 27 76 54 98 38 69 57 5 73 70 50 69 32 75 71 96 81 34 118 103 50 110 115 63 63 25 52 69 12 94 94 115 106 29 46 61 92 7 70 18 82 48 22 63 36 49 64 48 94 101 50 13 45 99 73 103 98 23 86 26 59 116 56 72 99 32 59 67 74 28 74 75 0 103 110 125 
46 66 13 18 15 92 37 50 25 70 45 46 98 37 67 58 39 79 30 34 42 73 92 15 2 61 7 14 76 46 79 52 58 94 13 57 13 26 74 85 73 31 106 33 86 49 62 81 45 74 62 68 61 69 12 80 97 65 35 34 8 33 100 45 90 49 19 47 35 4 70 59 39 63 75 32 27 103 0 8 24 
53 75 19 27 23 97 46 58 24 76 48 54 105 41 70 63 47 87 38 42 50 81 101 9 7 66 6 5 79 54 86 59 67 101 21 65 5 22 81 94 82 39 113 39 93 57 68 88 50 82 70 77 69 77 19 89 105 73 42 43 15 40 108 53 98 54 11 54 44 13 78 67 44 65 82 37 35 110 8 0 16 
68 91 33 43 39 110 62 73 31 89 60 70 120 53 78 77 64 103 54 58 64 96 117 13 23 79 19 10 88 70 101 73 82 116 37 79 10 25 96 110 98 53 128 54 108 72 80 103 63 98 86 93 85 91 33 105 120 89 56 59 29 54 124 67 114 67 9 69 60 29 93 84 58 73 97 51 51 125 24 16 0 
